 0.00000000e+00 -0.00000000e+00  0.00000000e+00 -5.81395349e-28  0.00000000e+00 -8.00000000e+00 
 5.00000000e+00 -4.57522489e-28  5.00000000e+00 -4.53289052e-28  5.00000000e+00 -8.00000000e+00 
 1.00000000e+01 -1.78795182e-10  1.00000000e+01 -9.13622557e-11  1.00000000e+01 -8.00000000e+00 
 1.50000000e+01 -1.20697287e-08  1.50000000e+01 -4.38865543e-09  1.50000000e+01 -8.00000000e+00 
 2.00000000e+01 -1.46517069e-07  2.00000000e+01 -4.37000082e-08  2.00000000e+01 -8.00000000e+00 
 2.50000000e+01 -7.55418412e-07  2.50000000e+01 -1.99968882e-07  2.50000000e+01 -8.00000000e+00 
 3.00000000e+01 -2.41704339e-06  3.00000000e+01 -5.95070882e-07  3.00000000e+01 -8.00000000e+00 
 3.50000000e+01 -5.78059080e-06  3.50000000e+01 -1.36172701e-06  3.50000000e+01 -8.00000000e+00 
 4.00000000e+01 -1.14647112e-05  4.00000000e+01 -2.62918709e-06  4.00000000e+01 -8.00000000e+00 
 4.50000000e+01 -1.99676444e-05  4.50000000e+01 -4.50503796e-06  4.50000000e+01 -8.00000000e+00 
 5.00000000e+01 -3.16928549e-05  5.00000000e+01 -7.07992477e-06  5.00000000e+01 -8.00000000e+00 
 5.50000000e+01 -4.69563469e-05  5.50000000e+01 -1.04267400e-05  5.50000000e+01 -8.00000000e+00 
 6.00000000e+01 -6.60052622e-05  6.00000000e+01 -1.46031663e-05  6.00000000e+01 -8.00000000e+00 
 6.50000000e+01 -8.90340302e-05  6.50000000e+01 -1.96545160e-05  6.50000000e+01 -8.00000000e+00 
 7.00000000e+01 -1.16196910e-04  7.00000000e+01 -2.56163475e-05  7.00000000e+01 -8.00000000e+00 
 7.50000000e+01 -1.47617361e-04  7.50000000e+01 -3.25166644e-05  7.50000000e+01 -8.00000000e+00 
 8.00000000e+01 -1.83394995e-04  8.00000000e+01 -4.03776703e-05  8.00000000e+01 -8.00000000e+00 
 8.50000000e+01 -2.23610773e-04  8.50000000e+01 -4.92171236e-05  8.50000000e+01 -8.00000000e+00 
 9.00000000e+01 -2.68330941e-04  9.00000000e+01 -5.90493664e-05  9.00000000e+01 -8.00000000e+00 
 9.50000000e+01 -3.17610043e-04  9.50000000e+01 -6.98860971e-05  9.50000000e+01 -8.00000000e+00 
 1.00000000e+02 -3.71493263e-04  1.00000000e+02 -8.17369511e-05  1.00000000e+02 -8.00000000e+00 
 1.05000000e+02 -4.30018253e-04  1.05000000e+02 -9.46099365e-05  1.05000000e+02 -8.00000000e+00 
 1.10000000e+02 -4.93216572e-04  1.10000000e+02 -1.08511765e-04  1.10000000e+02 -8.00000000e+00 
 1.15000000e+02 -5.61114825e-04  1.15000000e+02 -1.23448104e-04  1.15000000e+02 -8.00000000e+00 
 1.20000000e+02 -6.33735567e-04  1.20000000e+02 -1.39423772e-04  1.20000000e+02 -8.00000000e+00 
 1.25000000e+02 -7.11098029e-04  1.25000000e+02 -1.56442891e-04  1.25000000e+02 -8.00000000e+00 
 1.30000000e+02 -7.93218691e-04  1.30000000e+02 -1.74509009e-04  1.30000000e+02 -8.00000000e+00 
 1.35000000e+02 -8.80111757e-04  1.35000000e+02 -1.93625190e-04  1.35000000e+02 -8.00000000e+00 
 1.40000000e+02 -9.71789521e-04  1.40000000e+02 -2.13794099e-04  1.40000000e+02 -8.00000000e+00 
 1.45000000e+02 -1.06826268e-03  1.45000000e+02 -2.35018059e-04  1.45000000e+02 -8.00000000e+00 
 1.50000000e+02 -1.16954059e-03  1.50000000e+02 -2.57299108e-04  1.50000000e+02 -8.00000000e+00 
 1.55000000e+02 -1.27563144e-03  1.55000000e+02 -2.80639036e-04  1.55000000e+02 -8.00000000e+00 
 1.60000000e+02 -1.38654248e-03  1.60000000e+02 -3.05039423e-04  1.60000000e+02 -8.00000000e+00 
 1.65000000e+02 -1.50228009e-03  1.65000000e+02 -3.30501670e-04  1.65000000e+02 -8.00000000e+00 
 1.70000000e+02 -1.62284995e-03  1.70000000e+02 -3.57027022e-04  1.70000000e+02 -8.00000000e+00 
 1.75000000e+02 -1.74825711e-03  1.75000000e+02 -3.84616586e-04  1.75000000e+02 -8.00000000e+00 
 1.80000000e+02 -1.87850609e-03  1.80000000e+02 -4.13271355e-04  1.80000000e+02 -8.00000000e+00 
 1.85000000e+02 -2.01360095e-03  1.85000000e+02 -4.42992218e-04  1.85000000e+02 -8.00000000e+00 
 1.90000000e+02 -2.15354531e-03  1.90000000e+02 -4.73779975e-04  1.90000000e+02 -8.00000000e+00 
 1.95000000e+02 -2.29834246e-03  1.95000000e+02 -5.05635346e-04  1.95000000e+02 -8.00000000e+00 
 2.00000000e+02 -2.44556702e-03  2.00000000e+02 -5.38024747e-04  2.00000000e+02 -8.00000000e+00 
 2.05000000e+02 -2.60007487e-03  2.05000000e+02 -5.72016472e-04  2.05000000e+02 -8.00000000e+00 
 2.10000000e+02 -2.75944605e-03  2.10000000e+02 -6.07078132e-04  2.10000000e+02 -8.00000000e+00 
 2.15000000e+02 -2.92368041e-03  2.15000000e+02 -6.43209692e-04  2.15000000e+02 -8.00000000e+00 
 2.20000000e+02 -3.09277997e-03  2.20000000e+02 -6.80411593e-04  2.20000000e+02 -8.00000000e+00 
 2.25000000e+02 -3.26674655e-03  2.25000000e+02 -7.18684241e-04  2.25000000e+02 -8.00000000e+00 
 2.30000000e+02 -3.44558185e-03  2.30000000e+02 -7.58028006e-04  2.30000000e+02 -8.00000000e+00 
 2.35000000e+02 -3.62928740e-03  2.35000000e+02 -7.98443228e-04  2.35000000e+02 -8.00000000e+00 
 2.40000000e+02 -3.81786463e-03  2.40000000e+02 -8.39930218e-04  2.40000000e+02 -8.00000000e+00 
 2.45000000e+02 -4.01131484e-03  2.45000000e+02 -8.82489264e-04  2.45000000e+02 -8.00000000e+00 
 2.50000000e+02 -4.20963924e-03  2.50000000e+02 -9.26120632e-04  2.50000000e+02 -8.00000000e+00 
 2.55000000e+02 -4.41283893e-03  2.55000000e+02 -9.70824566e-04  2.55000000e+02 -8.00000000e+00 
 2.60000000e+02 -4.62091496e-03  2.60000000e+02 -1.01660129e-03  2.60000000e+02 -8.00000000e+00 
 2.65000000e+02 -4.83386827e-03  2.65000000e+02 -1.06345102e-03  2.65000000e+02 -8.00000000e+00 
 2.70000000e+02 -5.05169975e-03  2.70000000e+02 -1.11137395e-03  2.70000000e+02 -8.00000000e+00 
 2.75000000e+02 -5.27441022e-03  2.75000000e+02 -1.16037025e-03  2.75000000e+02 -8.00000000e+00 
 2.80000000e+02 -5.50200044e-03  2.80000000e+02 -1.21044010e-03  2.80000000e+02 -8.00000000e+00 
 2.85000000e+02 -5.73447112e-03  2.85000000e+02 -1.26158365e-03  2.85000000e+02 -8.00000000e+00 
 2.90000000e+02 -5.97182293e-03  2.90000000e+02 -1.31380105e-03  2.90000000e+02 -8.00000000e+00 
 2.95000000e+02 -6.21405649e-03  2.95000000e+02 -1.36709243e-03  2.95000000e+02 -8.00000000e+00 
 3.00000000e+02 -6.46117238e-03  3.00000000e+02 -1.42145792e-03  3.00000000e+02 -8.00000000e+00 
 3.05000000e+02 -6.71317113e-03  3.05000000e+02 -1.47689765e-03  3.05000000e+02 -8.00000000e+00 
 3.10000000e+02 -6.97005326e-03  3.10000000e+02 -1.53341172e-03  3.10000000e+02 -8.00000000e+00 
 3.15000000e+02 -7.23181924e-03  3.15000000e+02 -1.59100023e-03  3.15000000e+02 -8.00000000e+00 
 3.20000000e+02 -7.49846951e-03  3.20000000e+02 -1.64966329e-03  3.20000000e+02 -8.00000000e+00 
 3.25000000e+02 -7.77000451e-03  3.25000000e+02 -1.70940099e-03  3.25000000e+02 -8.00000000e+00 
 3.30000000e+02 -8.04642461e-03  3.30000000e+02 -1.77021341e-03  3.30000000e+02 -8.00000000e+00 
 3.35000000e+02 -8.32773019e-03  3.35000000e+02 -1.83210064e-03  3.35000000e+02 -8.00000000e+00 
 3.40000000e+02 -8.61392161e-03  3.40000000e+02 -1.89506275e-03  3.40000000e+02 -8.00000000e+00 
 3.45000000e+02 -8.90499919e-03  3.45000000e+02 -1.95909982e-03  3.45000000e+02 -8.00000000e+00 
 3.50000000e+02 -9.20096324e-03  3.50000000e+02 -2.02421191e-03  3.50000000e+02 -8.00000000e+00 
 3.55000000e+02 -9.50181406e-03  3.55000000e+02 -2.09039909e-03  3.55000000e+02 -8.00000000e+00 
 3.60000000e+02 -9.80755193e-03  3.60000000e+02 -2.15766142e-03  3.60000000e+02 -8.00000000e+00 
 3.65000000e+02 -1.01181771e-02  3.65000000e+02 -2.22599896e-03  3.65000000e+02 -8.00000000e+00 
 3.70000000e+02 -1.04336898e-02  3.70000000e+02 -2.29541176e-03  3.70000000e+02 -8.00000000e+00 
 3.75000000e+02 -1.07540903e-02  3.75000000e+02 -2.36589988e-03  3.75000000e+02 -8.00000000e+00 
 3.80000000e+02 -1.10793789e-02  3.80000000e+02 -2.43746335e-03  3.80000000e+02 -8.00000000e+00 
 3.85000000e+02 -1.14095556e-02  3.85000000e+02 -2.51010224e-03  3.85000000e+02 -8.00000000e+00 
 3.90000000e+02 -1.17446208e-02  3.90000000e+02 -2.58381658e-03  3.90000000e+02 -8.00000000e+00 
 3.95000000e+02 -1.20845746e-02  3.95000000e+02 -2.65860642e-03  3.95000000e+02 -8.00000000e+00 
 4.00000000e+02 -1.24294173e-02  4.00000000e+02 -2.73447180e-03  4.00000000e+02 -8.00000000e+00 
 4.05000000e+02 -1.27791488e-02  4.05000000e+02 -2.81141275e-03  4.05000000e+02 -8.00000000e+00 
 4.10000000e+02 -1.31337696e-02  4.10000000e+02 -2.88942931e-03  4.10000000e+02 -8.00000000e+00 
 4.15000000e+02 -1.34932796e-02  4.15000000e+02 -2.96852151e-03  4.15000000e+02 -8.00000000e+00 
 4.20000000e+02 -1.38576791e-02  4.20000000e+02 -3.04868939e-03  4.20000000e+02 -8.00000000e+00 
 4.25000000e+02 -1.42269681e-02  4.25000000e+02 -3.12993299e-03  4.25000000e+02 -8.00000000e+00 
 4.30000000e+02 -1.46011469e-02  4.30000000e+02 -3.21225232e-03  4.30000000e+02 -8.00000000e+00 
 4.35000000e+02 -1.49802155e-02  4.35000000e+02 -3.29564742e-03  4.35000000e+02 -8.00000000e+00 
 4.40000000e+02 -1.53641741e-02  4.40000000e+02 -3.38011831e-03  4.40000000e+02 -8.00000000e+00 
 4.45000000e+02 -1.57530228e-02  4.45000000e+02 -3.46566502e-03  4.45000000e+02 -8.00000000e+00 
 4.50000000e+02 -1.61467617e-02  4.50000000e+02 -3.55228758e-03  4.50000000e+02 -8.00000000e+00 
 4.55000000e+02 -1.65453910e-02  4.55000000e+02 -3.63998601e-03  4.55000000e+02 -8.00000000e+00 
 4.60000000e+02 -1.69489106e-02  4.60000000e+02 -3.72876033e-03  4.60000000e+02 -8.00000000e+00 
 4.65000000e+02 -1.73573208e-02  4.65000000e+02 -3.81861057e-03  4.65000000e+02 -8.00000000e+00 
 4.70000000e+02 -1.77706216e-02  4.70000000e+02 -3.90953674e-03  4.70000000e+02 -8.00000000e+00 
 4.75000000e+02 -1.81888130e-02  4.75000000e+02 -4.00153887e-03  4.75000000e+02 -8.00000000e+00 
 4.80000000e+02 -1.86118953e-02  4.80000000e+02 -4.09461697e-03  4.80000000e+02 -8.00000000e+00 
 4.85000000e+02 -1.90398685e-02  4.85000000e+02 -4.18877106e-03  4.85000000e+02 -8.00000000e+00 
 4.90000000e+02 -1.94727326e-02  4.90000000e+02 -4.28400116e-03  4.90000000e+02 -8.00000000e+00 
 4.95000000e+02 -1.99104877e-02  4.95000000e+02 -4.38030729e-03  4.95000000e+02 -8.00000000e+00 
 5.00000000e+02 -2.03531339e-02  5.00000000e+02 -4.47768947e-03  5.00000000e+02 -8.00000000e+00 
 0.00000000e+00 -0.00000000e+00  0.00000000e+00 -5.81395349e-28  0.00000000e+00 -7.00000000e+00 
 5.00000000e+00 -9.77636560e-06  5.00000000e+00 -9.68590529e-06  5.00000000e+00 -7.00000000e+00 
 1.00000000e+01 -3.27152688e-05  1.00000000e+01 -1.67171213e-05  1.00000000e+01 -7.00000000e+00 
 1.50000000e+01 -5.99266888e-05  1.50000000e+01 -2.17898509e-05  1.50000000e+01 -7.00000000e+00 
 2.00000000e+01 -9.15434357e-05  2.00000000e+01 -2.73036372e-05  2.00000000e+01 -7.00000000e+00 
 2.50000000e+01 -1.27649891e-04  2.50000000e+01 -3.37905531e-05  2.50000000e+01 -7.00000000e+00 
 3.00000000e+01 -1.68216585e-04  3.00000000e+01 -4.14145612e-05  3.00000000e+01 -7.00000000e+00 
 3.50000000e+01 -2.13216077e-04  3.50000000e+01 -5.02270616e-05  3.50000000e+01 -7.00000000e+00 
 4.00000000e+01 -2.62667055e-04  4.00000000e+01 -6.02370890e-05  4.00000000e+01 -7.00000000e+00 
 4.50000000e+01 -3.16620972e-04  4.50000000e+01 -7.14350410e-05  4.50000000e+01 -7.00000000e+00 
 5.00000000e+01 -3.75143496e-04  5.00000000e+01 -8.38039912e-05  5.00000000e+01 -7.00000000e+00 
 5.50000000e+01 -4.38301139e-04  5.50000000e+01 -9.73255440e-05  5.50000000e+01 -7.00000000e+00 
 6.00000000e+01 -5.06153797e-04  6.00000000e+01 -1.11982709e-04  6.00000000e+01 -7.00000000e+00 
 6.50000000e+01 -5.78751649e-04  6.50000000e+01 -1.27761077e-04  6.50000000e+01 -7.00000000e+00 
 7.00000000e+01 -6.56134706e-04  7.00000000e+01 -1.44649067e-04  7.00000000e+01 -7.00000000e+00 
 7.50000000e+01 -7.38333729e-04  7.50000000e+01 -1.62637714e-04  7.50000000e+01 -7.00000000e+00 
 8.00000000e+01 -8.25371720e-04  8.00000000e+01 -1.81720266e-04  8.00000000e+01 -7.00000000e+00 
 8.50000000e+01 -9.17265495e-04  8.50000000e+01 -2.01891745e-04  8.50000000e+01 -7.00000000e+00 
 9.00000000e+01 -1.01402712e-03  9.00000000e+01 -2.23148545e-04  9.00000000e+01 -7.00000000e+00 
 9.50000000e+01 -1.11566511e-03  9.50000000e+01 -2.45488083e-04  9.50000000e+01 -7.00000000e+00 
 1.00000000e+02 -1.22218540e-03  1.00000000e+02 -2.68908533e-04  1.00000000e+02 -7.00000000e+00 
 1.05000000e+02 -1.33359206e-03  1.05000000e+02 -2.93408614e-04  1.05000000e+02 -7.00000000e+00 
 1.10000000e+02 -1.44988784e-03  1.10000000e+02 -3.18987432e-04  1.10000000e+02 -7.00000000e+00 
 1.15000000e+02 -1.57107458e-03  1.15000000e+02 -3.45644366e-04  1.15000000e+02 -7.00000000e+00 
 1.20000000e+02 -1.69715351e-03  1.20000000e+02 -3.73378986e-04  1.20000000e+02 -7.00000000e+00 
 1.25000000e+02 -1.82812541e-03  1.25000000e+02 -4.02190996e-04  1.25000000e+02 -7.00000000e+00 
 1.30000000e+02 -1.96399076e-03  1.30000000e+02 -4.32080188e-04  1.30000000e+02 -7.00000000e+00 
 1.35000000e+02 -2.10474989e-03  1.35000000e+02 -4.63046419e-04  1.35000000e+02 -7.00000000e+00 
 1.40000000e+02 -2.25040296e-03  1.40000000e+02 -4.95089587e-04  1.40000000e+02 -7.00000000e+00 
 1.45000000e+02 -2.40095007e-03  1.45000000e+02 -5.28209621e-04  1.45000000e+02 -7.00000000e+00 
 1.50000000e+02 -2.55394422e-03  1.50000000e+02 -5.61868070e-04  1.50000000e+02 -7.00000000e+00 
 1.55000000e+02 -2.71427920e-03  1.55000000e+02 -5.97141644e-04  1.55000000e+02 -7.00000000e+00 
 1.60000000e+02 -2.87950861e-03  1.60000000e+02 -6.33492034e-04  1.60000000e+02 -7.00000000e+00 
 1.65000000e+02 -3.04963207e-03  1.65000000e+02 -6.70919147e-04  1.65000000e+02 -7.00000000e+00 
 1.70000000e+02 -3.22464958e-03  1.70000000e+02 -7.09422965e-04  1.70000000e+02 -7.00000000e+00 
 1.75000000e+02 -3.40456108e-03  1.75000000e+02 -7.49003475e-04  1.75000000e+02 -7.00000000e+00 
 1.80000000e+02 -3.58936656e-03  1.80000000e+02 -7.89660667e-04  1.80000000e+02 -7.00000000e+00 
 1.85000000e+02 -3.77906598e-03  1.85000000e+02 -8.31394531e-04  1.85000000e+02 -7.00000000e+00 
 1.90000000e+02 -3.97365932e-03  1.90000000e+02 -8.74205060e-04  1.90000000e+02 -7.00000000e+00 
 1.95000000e+02 -4.17314654e-03  1.95000000e+02 -9.18092245e-04  1.95000000e+02 -7.00000000e+00 
 2.00000000e+02 -4.37752762e-03  2.00000000e+02 -9.63056081e-04  2.00000000e+02 -7.00000000e+00 
 2.05000000e+02 -4.58680255e-03  2.05000000e+02 -1.00909656e-03  2.05000000e+02 -7.00000000e+00 
 2.10000000e+02 -4.80097129e-03  2.10000000e+02 -1.05621369e-03  2.10000000e+02 -7.00000000e+00 
 2.15000000e+02 -5.02003383e-03  2.15000000e+02 -1.10440744e-03  2.15000000e+02 -7.00000000e+00 
 2.20000000e+02 -5.24399015e-03  2.20000000e+02 -1.15367783e-03  2.20000000e+02 -7.00000000e+00 
 2.25000000e+02 -5.47284023e-03  2.25000000e+02 -1.20402485e-03  2.25000000e+02 -7.00000000e+00 
 2.30000000e+02 -5.70658407e-03  2.30000000e+02 -1.25544850e-03  2.30000000e+02 -7.00000000e+00 
 2.35000000e+02 -5.94522164e-03  2.35000000e+02 -1.30794876e-03  2.35000000e+02 -7.00000000e+00 
 2.40000000e+02 -6.18875292e-03  2.40000000e+02 -1.36152564e-03  2.40000000e+02 -7.00000000e+00 
 2.45000000e+02 -6.43717792e-03  2.45000000e+02 -1.41617914e-03  2.45000000e+02 -7.00000000e+00 
 2.50000000e+02 -6.69049662e-03  2.50000000e+02 -1.47190926e-03  2.50000000e+02 -7.00000000e+00 
 2.55000000e+02 -6.94870901e-03  2.55000000e+02 -1.52871598e-03  2.55000000e+02 -7.00000000e+00 
 2.60000000e+02 -7.21181507e-03  2.60000000e+02 -1.58659932e-03  2.60000000e+02 -7.00000000e+00 
 2.65000000e+02 -7.47981481e-03  2.65000000e+02 -1.64555926e-03  2.65000000e+02 -7.00000000e+00 
 2.70000000e+02 -7.75270821e-03  2.70000000e+02 -1.70559581e-03  2.70000000e+02 -7.00000000e+00 
 2.75000000e+02 -8.03049526e-03  2.75000000e+02 -1.76670896e-03  2.75000000e+02 -7.00000000e+00 
 2.80000000e+02 -8.31317596e-03  2.80000000e+02 -1.82889871e-03  2.80000000e+02 -7.00000000e+00 
 2.85000000e+02 -8.60075030e-03  2.85000000e+02 -1.89216507e-03  2.85000000e+02 -7.00000000e+00 
 2.90000000e+02 -8.89321827e-03  2.90000000e+02 -1.95650802e-03  2.90000000e+02 -7.00000000e+00 
 2.95000000e+02 -9.19057987e-03  2.95000000e+02 -2.02192757e-03  2.95000000e+02 -7.00000000e+00 
 3.00000000e+02 -9.49283510e-03  3.00000000e+02 -2.08842372e-03  3.00000000e+02 -7.00000000e+00 
 3.05000000e+02 -9.79998394e-03  3.05000000e+02 -2.15599647e-03  3.05000000e+02 -7.00000000e+00 
 3.10000000e+02 -1.01120264e-02  3.10000000e+02 -2.22464581e-03  3.10000000e+02 -7.00000000e+00 
 3.15000000e+02 -1.04289625e-02  3.15000000e+02 -2.29437174e-03  3.15000000e+02 -7.00000000e+00 
 3.20000000e+02 -1.07507921e-02  3.20000000e+02 -2.36517427e-03  3.20000000e+02 -7.00000000e+00 
 3.25000000e+02 -1.10775154e-02  3.25000000e+02 -2.43705339e-03  3.25000000e+02 -7.00000000e+00 
 3.30000000e+02 -1.14091323e-02  3.30000000e+02 -2.51000910e-03  3.30000000e+02 -7.00000000e+00 
 3.35000000e+02 -1.17456427e-02  3.35000000e+02 -2.58404140e-03  3.35000000e+02 -7.00000000e+00 
 3.40000000e+02 -1.20870468e-02  3.40000000e+02 -2.65915029e-03  3.40000000e+02 -7.00000000e+00 
 3.45000000e+02 -1.24333444e-02  3.45000000e+02 -2.73533577e-03  3.45000000e+02 -7.00000000e+00 
 3.50000000e+02 -1.27845356e-02  3.50000000e+02 -2.81259784e-03  3.50000000e+02 -7.00000000e+00 
 3.55000000e+02 -1.31406204e-02  3.55000000e+02 -2.89093649e-03  3.55000000e+02 -7.00000000e+00 
 3.60000000e+02 -1.35015988e-02  3.60000000e+02 -2.97035174e-03  3.60000000e+02 -7.00000000e+00 
 3.65000000e+02 -1.38674708e-02  3.65000000e+02 -3.05084357e-03  3.65000000e+02 -7.00000000e+00 
 3.70000000e+02 -1.42382363e-02  3.70000000e+02 -3.13241198e-03  3.70000000e+02 -7.00000000e+00 
 3.75000000e+02 -1.46138954e-02  3.75000000e+02 -3.21505698e-03  3.75000000e+02 -7.00000000e+00 
 3.80000000e+02 -1.49944480e-02  3.80000000e+02 -3.29877857e-03  3.80000000e+02 -7.00000000e+00 
 3.85000000e+02 -1.53798943e-02  3.85000000e+02 -3.38357674e-03  3.85000000e+02 -7.00000000e+00 
 3.90000000e+02 -1.57702341e-02  3.90000000e+02 -3.46945150e-03  3.90000000e+02 -7.00000000e+00 
 3.95000000e+02 -1.61654674e-02  3.95000000e+02 -3.55640284e-03  3.95000000e+02 -7.00000000e+00 
 4.00000000e+02 -1.65655944e-02  4.00000000e+02 -3.64443076e-03  4.00000000e+02 -7.00000000e+00 
 4.05000000e+02 -1.69706148e-02  4.05000000e+02 -3.73353527e-03  4.05000000e+02 -7.00000000e+00 
 4.10000000e+02 -1.73805289e-02  4.10000000e+02 -3.82371636e-03  4.10000000e+02 -7.00000000e+00 
 4.15000000e+02 -1.77953365e-02  4.15000000e+02 -3.91497403e-03  4.15000000e+02 -7.00000000e+00 
 4.20000000e+02 -1.82150376e-02  4.20000000e+02 -4.00730828e-03  4.20000000e+02 -7.00000000e+00 
 4.25000000e+02 -1.86396324e-02  4.25000000e+02 -4.10071912e-03  4.25000000e+02 -7.00000000e+00 
 4.30000000e+02 -1.90691206e-02  4.30000000e+02 -4.19520653e-03  4.30000000e+02 -7.00000000e+00 
 4.35000000e+02 -1.95035024e-02  4.35000000e+02 -4.29077053e-03  4.35000000e+02 -7.00000000e+00 
 4.40000000e+02 -1.99427778e-02  4.40000000e+02 -4.38741111e-03  4.40000000e+02 -7.00000000e+00 
 4.45000000e+02 -2.03869467e-02  4.45000000e+02 -4.48512827e-03  4.45000000e+02 -7.00000000e+00 
 4.50000000e+02 -2.08360092e-02  4.50000000e+02 -4.58392201e-03  4.50000000e+02 -7.00000000e+00 
 4.55000000e+02 -2.12899652e-02  4.55000000e+02 -4.68379233e-03  4.55000000e+02 -7.00000000e+00 
 4.60000000e+02 -2.17488147e-02  4.60000000e+02 -4.78473924e-03  4.60000000e+02 -7.00000000e+00 
 4.65000000e+02 -2.22125578e-02  4.65000000e+02 -4.88676272e-03  4.65000000e+02 -7.00000000e+00 
 4.70000000e+02 -2.26811944e-02  4.70000000e+02 -4.98986278e-03  4.70000000e+02 -7.00000000e+00 
 4.75000000e+02 -2.31547246e-02  4.75000000e+02 -5.09403942e-03  4.75000000e+02 -7.00000000e+00 
 4.80000000e+02 -2.36331483e-02  4.80000000e+02 -5.19929264e-03  4.80000000e+02 -7.00000000e+00 
 4.85000000e+02 -2.41164656e-02  4.85000000e+02 -5.30562243e-03  4.85000000e+02 -7.00000000e+00 
 4.90000000e+02 -2.46046764e-02  4.90000000e+02 -5.41302881e-03  4.90000000e+02 -7.00000000e+00 
 4.95000000e+02 -2.50977808e-02  4.95000000e+02 -5.52151177e-03  4.95000000e+02 -7.00000000e+00 
 5.00000000e+02 -2.55957786e-02  5.00000000e+02 -5.63107130e-03  5.00000000e+02 -7.00000000e+00 
 0.00000000e+00 -0.00000000e+00  0.00000000e+00 -5.81395349e-28  0.00000000e+00 -6.00000000e+00 
 5.00000000e+00 -3.03182345e-04  5.00000000e+00 -3.00377012e-04  5.00000000e+00 -6.00000000e+00 
 1.00000000e+01 -8.29765366e-04  1.00000000e+01 -4.24000438e-04  1.00000000e+01 -6.00000000e+00 
 1.50000000e+01 -1.17939417e-03  1.50000000e+01 -4.28837695e-04  1.50000000e+01 -6.00000000e+00 
 2.00000000e+01 -1.39889027e-03  2.00000000e+01 -4.17231364e-04  2.00000000e+01 -6.00000000e+00 
 2.50000000e+01 -1.54696918e-03  2.50000000e+01 -4.09502459e-04  2.50000000e+01 -6.00000000e+00 
 3.00000000e+01 -1.65821082e-03  3.00000000e+01 -4.08247936e-04  3.00000000e+01 -6.00000000e+00 
 3.50000000e+01 -1.75257137e-03  3.50000000e+01 -4.12851186e-04  3.50000000e+01 -6.00000000e+00 
 4.00000000e+01 -1.84106256e-03  4.00000000e+01 -4.22208448e-04  4.00000000e+01 -6.00000000e+00 
 4.50000000e+01 -1.92969626e-03  4.50000000e+01 -4.35372082e-04  4.50000000e+01 -6.00000000e+00 
 5.00000000e+01 -2.02170144e-03  5.00000000e+01 -4.51631580e-04  5.00000000e+01 -6.00000000e+00 
 5.50000000e+01 -2.11876466e-03  5.50000000e+01 -4.70475445e-04  5.50000000e+01 -6.00000000e+00 
 6.00000000e+01 -2.22172062e-03  6.00000000e+01 -4.91538926e-04  6.00000000e+01 -6.00000000e+00 
 6.50000000e+01 -2.33093660e-03  6.50000000e+01 -5.14560900e-04  6.50000000e+01 -6.00000000e+00 
 7.00000000e+01 -2.44652712e-03  7.00000000e+01 -5.39352456e-04  7.00000000e+01 -6.00000000e+00 
 7.50000000e+01 -2.56847402e-03  7.50000000e+01 -5.65774969e-04  7.50000000e+01 -6.00000000e+00 
 8.00000000e+01 -2.69669359e-03  8.00000000e+01 -5.93725062e-04  8.00000000e+01 -6.00000000e+00 
 8.50000000e+01 -2.83107381e-03  8.50000000e+01 -6.23124313e-04  8.50000000e+01 -6.00000000e+00 
 9.00000000e+01 -2.97149463e-03  9.00000000e+01 -6.53912198e-04  9.00000000e+01 -6.00000000e+00 
 9.50000000e+01 -3.11489622e-03  9.50000000e+01 -6.85377695e-04  9.50000000e+01 -6.00000000e+00 
 1.00000000e+02 -3.26707714e-03  1.00000000e+02 -7.18820923e-04  1.00000000e+02 -6.00000000e+00 
 1.05000000e+02 -3.42500045e-03  1.05000000e+02 -7.53540744e-04  1.05000000e+02 -6.00000000e+00 
 1.10000000e+02 -3.58854350e-03  1.10000000e+02 -7.89505388e-04  1.10000000e+02 -6.00000000e+00 
 1.15000000e+02 -3.75762793e-03  1.15000000e+02 -8.26694532e-04  1.15000000e+02 -6.00000000e+00 
 1.20000000e+02 -3.93218487e-03  1.20000000e+02 -8.65091067e-04  1.20000000e+02 -6.00000000e+00 
 1.25000000e+02 -4.11215396e-03  1.25000000e+02 -9.04680460e-04  1.25000000e+02 -6.00000000e+00 
 1.30000000e+02 -4.29748226e-03  1.30000000e+02 -9.45450271e-04  1.30000000e+02 -6.00000000e+00 
 1.35000000e+02 -4.48812333e-03  1.35000000e+02 -9.87389776e-04  1.35000000e+02 -6.00000000e+00 
 1.40000000e+02 -4.68403638e-03  1.40000000e+02 -1.03048968e-03  1.40000000e+02 -6.00000000e+00 
 1.45000000e+02 -4.88518549e-03  1.45000000e+02 -1.07474186e-03  1.45000000e+02 -6.00000000e+00 
 1.50000000e+02 -5.09153895e-03  1.50000000e+02 -1.12013924e-03  1.50000000e+02 -6.00000000e+00 
 1.55000000e+02 -5.30306872e-03  1.55000000e+02 -1.16667554e-03  1.55000000e+02 -6.00000000e+00 
 1.60000000e+02 -5.51974993e-03  1.60000000e+02 -1.21434525e-03  1.60000000e+02 -6.00000000e+00 
 1.65000000e+02 -5.74156048e-03  1.65000000e+02 -1.26314347e-03  1.65000000e+02 -6.00000000e+00 
 1.70000000e+02 -5.96848064e-03  1.70000000e+02 -1.31306585e-03  1.70000000e+02 -6.00000000e+00 
 1.75000000e+02 -6.20049280e-03  1.75000000e+02 -1.36410848e-03  1.75000000e+02 -6.00000000e+00 
 1.80000000e+02 -6.43758114e-03  1.80000000e+02 -1.41626789e-03  1.80000000e+02 -6.00000000e+00 
 1.85000000e+02 -6.67973148e-03  1.85000000e+02 -1.46954095e-03  1.85000000e+02 -6.00000000e+00 
 1.90000000e+02 -6.92693104e-03  1.90000000e+02 -1.52392485e-03  1.90000000e+02 -6.00000000e+00 
 1.95000000e+02 -7.17916828e-03  1.95000000e+02 -1.57941703e-03  1.95000000e+02 -6.00000000e+00 
 2.00000000e+02 -7.43643274e-03  2.00000000e+02 -1.63601521e-03  2.00000000e+02 -6.00000000e+00 
 2.05000000e+02 -7.69871495e-03  2.05000000e+02 -1.69371729e-03  2.05000000e+02 -6.00000000e+00 
 2.10000000e+02 -7.96600631e-03  2.10000000e+02 -1.75252139e-03  2.10000000e+02 -6.00000000e+00 
 2.15000000e+02 -8.23829897e-03  2.15000000e+02 -1.81242578e-03  2.15000000e+02 -6.00000000e+00 
 2.20000000e+02 -8.51558578e-03  2.20000000e+02 -1.87342887e-03  2.20000000e+02 -6.00000000e+00 
 2.25000000e+02 -8.79786019e-03  2.25000000e+02 -1.93552924e-03  2.25000000e+02 -6.00000000e+00 
 2.30000000e+02 -9.08511622e-03  2.30000000e+02 -1.99872557e-03  2.30000000e+02 -6.00000000e+00 
 2.35000000e+02 -9.37734835e-03  2.35000000e+02 -2.06301664e-03  2.35000000e+02 -6.00000000e+00 
 2.40000000e+02 -9.67455154e-03  2.40000000e+02 -2.12840134e-03  2.40000000e+02 -6.00000000e+00 
 2.45000000e+02 -9.97672113e-03  2.45000000e+02 -2.19487865e-03  2.45000000e+02 -6.00000000e+00 
 2.50000000e+02 -1.02838528e-02  2.50000000e+02 -2.26244762e-03  2.50000000e+02 -6.00000000e+00 
 2.55000000e+02 -1.05959427e-02  2.55000000e+02 -2.33110739e-03  2.55000000e+02 -6.00000000e+00 
 2.60000000e+02 -1.09129870e-02  2.60000000e+02 -2.40085714e-03  2.60000000e+02 -6.00000000e+00 
 2.65000000e+02 -1.12349824e-02  2.65000000e+02 -2.47169612e-03  2.65000000e+02 -6.00000000e+00 
 2.70000000e+02 -1.15619257e-02  2.70000000e+02 -2.54362365e-03  2.70000000e+02 -6.00000000e+00 
 2.75000000e+02 -1.18938140e-02  2.75000000e+02 -2.61663909e-03  2.75000000e+02 -6.00000000e+00 
 2.80000000e+02 -1.22306446e-02  2.80000000e+02 -2.69074182e-03  2.80000000e+02 -6.00000000e+00 
 2.85000000e+02 -1.25724150e-02  2.85000000e+02 -2.76593129e-03  2.85000000e+02 -6.00000000e+00 
 2.90000000e+02 -1.29191227e-02  2.90000000e+02 -2.84220699e-03  2.90000000e+02 -6.00000000e+00 
 2.95000000e+02 -1.32707656e-02  2.95000000e+02 -2.91956843e-03  2.95000000e+02 -6.00000000e+00 
 3.00000000e+02 -1.36273416e-02  3.00000000e+02 -2.99801516e-03  3.00000000e+02 -6.00000000e+00 
 3.05000000e+02 -1.39888488e-02  3.05000000e+02 -3.07754674e-03  3.05000000e+02 -6.00000000e+00 
 3.10000000e+02 -1.43552854e-02  3.10000000e+02 -3.15816279e-03  3.10000000e+02 -6.00000000e+00 
 3.15000000e+02 -1.47266497e-02  3.15000000e+02 -3.23986294e-03  3.15000000e+02 -6.00000000e+00 
 3.20000000e+02 -1.51029401e-02  3.20000000e+02 -3.32264682e-03  3.20000000e+02 -6.00000000e+00 
 3.25000000e+02 -1.54841551e-02  3.25000000e+02 -3.40651412e-03  3.25000000e+02 -6.00000000e+00 
 3.30000000e+02 -1.58702933e-02  3.30000000e+02 -3.49146452e-03  3.30000000e+02 -6.00000000e+00 
 3.35000000e+02 -1.62613534e-02  3.35000000e+02 -3.57749774e-03  3.35000000e+02 -6.00000000e+00 
 3.40000000e+02 -1.66573341e-02  3.40000000e+02 -3.66461350e-03  3.40000000e+02 -6.00000000e+00 
 3.45000000e+02 -1.70582343e-02  3.45000000e+02 -3.75281154e-03  3.45000000e+02 -6.00000000e+00 
 3.50000000e+02 -1.74640529e-02  3.50000000e+02 -3.84209163e-03  3.50000000e+02 -6.00000000e+00 
 3.55000000e+02 -1.78747887e-02  3.55000000e+02 -3.93245352e-03  3.55000000e+02 -6.00000000e+00 
 3.60000000e+02 -1.82904410e-02  3.60000000e+02 -4.02389701e-03  3.60000000e+02 -6.00000000e+00 
 3.65000000e+02 -1.87110086e-02  3.65000000e+02 -4.11642189e-03  3.65000000e+02 -6.00000000e+00 
 3.70000000e+02 -1.91364908e-02  3.70000000e+02 -4.21002797e-03  3.70000000e+02 -6.00000000e+00 
 3.75000000e+02 -1.95668866e-02  3.75000000e+02 -4.30471505e-03  3.75000000e+02 -6.00000000e+00 
 3.80000000e+02 -2.00021953e-02  3.80000000e+02 -4.40048297e-03  3.80000000e+02 -6.00000000e+00 
 3.85000000e+02 -2.04424162e-02  3.85000000e+02 -4.49733156e-03  3.85000000e+02 -6.00000000e+00 
 3.90000000e+02 -2.08875485e-02  3.90000000e+02 -4.59526067e-03  3.90000000e+02 -6.00000000e+00 
 3.95000000e+02 -2.13375915e-02  3.95000000e+02 -4.69427014e-03  3.95000000e+02 -6.00000000e+00 
 4.00000000e+02 -2.17925447e-02  4.00000000e+02 -4.79435983e-03  4.00000000e+02 -6.00000000e+00 
 4.05000000e+02 -2.22524073e-02  4.05000000e+02 -4.89552961e-03  4.05000000e+02 -6.00000000e+00 
 4.10000000e+02 -2.27171789e-02  4.10000000e+02 -4.99777935e-03  4.10000000e+02 -6.00000000e+00 
 4.15000000e+02 -2.31868588e-02  4.15000000e+02 -5.10110893e-03  4.15000000e+02 -6.00000000e+00 
 4.20000000e+02 -2.36614465e-02  4.20000000e+02 -5.20551823e-03  4.20000000e+02 -6.00000000e+00 
 4.25000000e+02 -2.41409416e-02  4.25000000e+02 -5.31100715e-03  4.25000000e+02 -6.00000000e+00 
 4.30000000e+02 -2.46253435e-02  4.30000000e+02 -5.41757556e-03  4.30000000e+02 -6.00000000e+00 
 4.35000000e+02 -2.51146518e-02  4.35000000e+02 -5.52522339e-03  4.35000000e+02 -6.00000000e+00 
 4.40000000e+02 -2.56088660e-02  4.40000000e+02 -5.63395052e-03  4.40000000e+02 -6.00000000e+00 
 4.45000000e+02 -2.61079857e-02  4.45000000e+02 -5.74375686e-03  4.45000000e+02 -6.00000000e+00 
 4.50000000e+02 -2.66120106e-02  4.50000000e+02 -5.85464234e-03  4.50000000e+02 -6.00000000e+00 
 4.55000000e+02 -2.71209403e-02  4.55000000e+02 -5.96660686e-03  4.55000000e+02 -6.00000000e+00 
 4.60000000e+02 -2.76347743e-02  4.60000000e+02 -6.07965034e-03  4.60000000e+02 -6.00000000e+00 
 4.65000000e+02 -2.81535123e-02  4.65000000e+02 -6.19377271e-03  4.65000000e+02 -6.00000000e+00 
 4.70000000e+02 -2.86771541e-02  4.70000000e+02 -6.30897390e-03  4.70000000e+02 -6.00000000e+00 
 4.75000000e+02 -2.92056992e-02  4.75000000e+02 -6.42525382e-03  4.75000000e+02 -6.00000000e+00 
 4.80000000e+02 -2.97391474e-02  4.80000000e+02 -6.54261242e-03  4.80000000e+02 -6.00000000e+00 
 4.85000000e+02 -3.02774983e-02  4.85000000e+02 -6.66104963e-03  4.85000000e+02 -6.00000000e+00 
 4.90000000e+02 -3.08207518e-02  4.90000000e+02 -6.78056539e-03  4.90000000e+02 -6.00000000e+00 
 4.95000000e+02 -3.13689074e-02  4.95000000e+02 -6.90115963e-03  4.95000000e+02 -6.00000000e+00 
 5.00000000e+02 -3.19219650e-02  5.00000000e+02 -7.02283231e-03  5.00000000e+02 -6.00000000e+00 
 0.00000000e+00 -0.00000000e+00  0.00000000e+00 -5.81395349e-28  0.00000000e+00 -5.00000000e+00 
 5.00000000e+00 -1.01334707e-03  5.00000000e+00 -1.00397061e-03  5.00000000e+00 -5.00000000e+00 
 1.00000000e+01 -2.76498909e-03  1.00000000e+01 -1.41287722e-03  1.00000000e+01 -5.00000000e+00 
 1.50000000e+01 -3.91399782e-03  1.50000000e+01 -1.42316271e-03  1.50000000e+01 -5.00000000e+00 
 2.00000000e+01 -4.61202571e-03  2.00000000e+01 -1.37557735e-03  2.00000000e+01 -5.00000000e+00 
 2.50000000e+01 -5.04596650e-03  2.50000000e+01 -1.33573164e-03  2.50000000e+01 -5.00000000e+00 
 3.00000000e+01 -5.32487716e-03  3.00000000e+01 -1.31097330e-03  3.00000000e+01 -5.00000000e+00 
 3.50000000e+01 -5.51439965e-03  3.50000000e+01 -1.29902067e-03  3.50000000e+01 -5.00000000e+00 
 4.00000000e+01 -5.65378794e-03  4.00000000e+01 -1.29657573e-03  4.00000000e+01 -5.00000000e+00 
 4.50000000e+01 -5.76691950e-03  4.50000000e+01 -1.30111448e-03  4.50000000e+01 -5.00000000e+00 
 5.00000000e+01 -5.86838245e-03  5.00000000e+01 -1.31094868e-03  5.00000000e+01 -5.00000000e+00 
 5.50000000e+01 -5.96705520e-03  5.50000000e+01 -1.32499517e-03  5.50000000e+01 -5.00000000e+00 
 6.00000000e+01 -6.06827935e-03  6.00000000e+01 -1.34256103e-03  6.00000000e+01 -5.00000000e+00 
 6.50000000e+01 -6.17520047e-03  6.50000000e+01 -1.36319311e-03  6.50000000e+01 -5.00000000e+00 
 7.00000000e+01 -6.28564900e-03  7.00000000e+01 -1.38524693e-03  7.00000000e+01 -5.00000000e+00 
 7.50000000e+01 -6.40806741e-03  7.50000000e+01 -1.41126375e-03  7.50000000e+01 -5.00000000e+00 
 8.00000000e+01 -6.53959573e-03  8.00000000e+01 -1.43963350e-03  8.00000000e+01 -5.00000000e+00 
 8.50000000e+01 -6.68022469e-03  8.50000000e+01 -1.47022145e-03  8.50000000e+01 -5.00000000e+00 
 9.00000000e+01 -6.82983660e-03  9.00000000e+01 -1.50291905e-03  9.00000000e+01 -5.00000000e+00 
 9.50000000e+01 -6.98823150e-03  9.50000000e+01 -1.53763140e-03  9.50000000e+01 -5.00000000e+00 
 1.00000000e+02 -7.15516906e-03  1.00000000e+02 -1.57427420e-03  1.00000000e+02 -5.00000000e+00 
 1.05000000e+02 -7.33039407e-03  1.05000000e+02 -1.61277187e-03  1.05000000e+02 -5.00000000e+00 
 1.10000000e+02 -7.51365175e-03  1.10000000e+02 -1.65305636e-03  1.10000000e+02 -5.00000000e+00 
 1.15000000e+02 -7.70469653e-03  1.15000000e+02 -1.69506620e-03  1.15000000e+02 -5.00000000e+00 
 1.20000000e+02 -7.90329678e-03  1.20000000e+02 -1.73874581e-03  1.20000000e+02 -5.00000000e+00 
 1.25000000e+02 -8.10923701e-03  1.25000000e+02 -1.78404491e-03  1.25000000e+02 -5.00000000e+00 
 1.30000000e+02 -8.32231859e-03  1.30000000e+02 -1.83091804e-03  1.30000000e+02 -5.00000000e+00 
 1.35000000e+02 -8.54235950e-03  1.35000000e+02 -1.87932404e-03  1.35000000e+02 -5.00000000e+00 
 1.40000000e+02 -8.76919359e-03  1.40000000e+02 -1.92922567e-03  1.40000000e+02 -5.00000000e+00 
 1.45000000e+02 -9.00266955e-03  1.45000000e+02 -1.98058922e-03  1.45000000e+02 -5.00000000e+00 
 1.50000000e+02 -9.24264978e-03  1.50000000e+02 -2.03338415e-03  1.50000000e+02 -5.00000000e+00 
 1.55000000e+02 -9.48900923e-03  1.55000000e+02 -2.08758277e-03  1.55000000e+02 -5.00000000e+00 
 1.60000000e+02 -9.74163423e-03  1.60000000e+02 -2.14315999e-03  1.60000000e+02 -5.00000000e+00 
 1.65000000e+02 -1.00004215e-02  1.65000000e+02 -2.20009301e-03  1.65000000e+02 -5.00000000e+00 
 1.70000000e+02 -1.02652770e-02  1.70000000e+02 -2.25836111e-03  1.70000000e+02 -5.00000000e+00 
 1.75000000e+02 -1.05361151e-02  1.75000000e+02 -2.31794544e-03  1.75000000e+02 -5.00000000e+00 
 1.80000000e+02 -1.08128580e-02  1.80000000e+02 -2.37882884e-03  1.80000000e+02 -5.00000000e+00 
 1.85000000e+02 -1.10954345e-02  1.85000000e+02 -2.44099564e-03  1.85000000e+02 -5.00000000e+00 
 1.90000000e+02 -1.13837796e-02  1.90000000e+02 -2.50443154e-03  1.90000000e+02 -5.00000000e+00 
 1.95000000e+02 -1.16778339e-02  1.95000000e+02 -2.56912346e-03  1.95000000e+02 -5.00000000e+00 
 2.00000000e+02 -1.19775429e-02  2.00000000e+02 -2.63505944e-03  2.00000000e+02 -5.00000000e+00 
 2.05000000e+02 -1.22828568e-02  2.05000000e+02 -2.70222850e-03  2.05000000e+02 -5.00000000e+00 
 2.10000000e+02 -1.25937298e-02  2.10000000e+02 -2.77062056e-03  2.10000000e+02 -5.00000000e+00 
 2.15000000e+02 -1.29101198e-02  2.15000000e+02 -2.84022635e-03  2.15000000e+02 -5.00000000e+00 
 2.20000000e+02 -1.32319880e-02  2.20000000e+02 -2.91103735e-03  2.20000000e+02 -5.00000000e+00 
 2.25000000e+02 -1.35592987e-02  2.25000000e+02 -2.98304571e-03  2.25000000e+02 -5.00000000e+00 
 2.30000000e+02 -1.38920190e-02  2.30000000e+02 -3.05624417e-03  2.30000000e+02 -5.00000000e+00 
 2.35000000e+02 -1.42301183e-02  2.35000000e+02 -3.13062604e-03  2.35000000e+02 -5.00000000e+00 
 2.40000000e+02 -1.45735686e-02  2.40000000e+02 -3.20618510e-03  2.40000000e+02 -5.00000000e+00 
 2.45000000e+02 -1.49223438e-02  2.45000000e+02 -3.28291563e-03  2.45000000e+02 -5.00000000e+00 
 2.50000000e+02 -1.52764195e-02  2.50000000e+02 -3.36081230e-03  2.50000000e+02 -5.00000000e+00 
 2.55000000e+02 -1.56357734e-02  2.55000000e+02 -3.43987016e-03  2.55000000e+02 -5.00000000e+00 
 2.60000000e+02 -1.60003846e-02  2.60000000e+02 -3.52008462e-03  2.60000000e+02 -5.00000000e+00 
 2.65000000e+02 -1.63702336e-02  2.65000000e+02 -3.60145140e-03  2.65000000e+02 -5.00000000e+00 
 2.70000000e+02 -1.67453024e-02  2.70000000e+02 -3.68396652e-03  2.70000000e+02 -5.00000000e+00 
 2.75000000e+02 -1.71255739e-02  2.75000000e+02 -3.76762627e-03  2.75000000e+02 -5.00000000e+00 
 2.80000000e+02 -1.75110326e-02  2.80000000e+02 -3.85242717e-03  2.80000000e+02 -5.00000000e+00 
 2.85000000e+02 -1.79016636e-02  2.85000000e+02 -3.93836599e-03  2.85000000e+02 -5.00000000e+00 
 2.90000000e+02 -1.82974531e-02  2.90000000e+02 -4.02543969e-03  2.90000000e+02 -5.00000000e+00 
 2.95000000e+02 -1.86983883e-02  2.95000000e+02 -4.11364543e-03  2.95000000e+02 -5.00000000e+00 
 3.00000000e+02 -1.91044571e-02  3.00000000e+02 -4.20298056e-03  3.00000000e+02 -5.00000000e+00 
 3.05000000e+02 -1.95156481e-02  3.05000000e+02 -4.29344257e-03  3.05000000e+02 -5.00000000e+00 
 3.10000000e+02 -1.99319506e-02  3.10000000e+02 -4.38502913e-03  3.10000000e+02 -5.00000000e+00 
 3.15000000e+02 -2.03533547e-02  3.15000000e+02 -4.47773803e-03  3.15000000e+02 -5.00000000e+00 
 3.20000000e+02 -2.07798509e-02  3.20000000e+02 -4.57156719e-03  3.20000000e+02 -5.00000000e+00 
 3.25000000e+02 -2.12114303e-02  3.25000000e+02 -4.66651467e-03  3.25000000e+02 -5.00000000e+00 
 3.30000000e+02 -2.16480847e-02  3.30000000e+02 -4.76257864e-03  3.30000000e+02 -5.00000000e+00 
 3.35000000e+02 -2.20898061e-02  3.35000000e+02 -4.85975734e-03  3.35000000e+02 -5.00000000e+00 
 3.40000000e+02 -2.25365871e-02  3.40000000e+02 -4.95804916e-03  3.40000000e+02 -5.00000000e+00 
 3.45000000e+02 -2.29884207e-02  3.45000000e+02 -5.05745254e-03  3.45000000e+02 -5.00000000e+00 
 3.50000000e+02 -2.34453002e-02  3.50000000e+02 -5.15796603e-03  3.50000000e+02 -5.00000000e+00 
 3.55000000e+02 -2.39072193e-02  3.55000000e+02 -5.25958825e-03  3.55000000e+02 -5.00000000e+00 
 3.60000000e+02 -2.43741722e-02  3.60000000e+02 -5.36231788e-03  3.60000000e+02 -5.00000000e+00 
 3.65000000e+02 -2.48461532e-02  3.65000000e+02 -5.46615370e-03  3.65000000e+02 -5.00000000e+00 
 3.70000000e+02 -2.53231569e-02  3.70000000e+02 -5.57109452e-03  3.70000000e+02 -5.00000000e+00 
 3.75000000e+02 -2.58051783e-02  3.75000000e+02 -5.67713923e-03  3.75000000e+02 -5.00000000e+00 
 3.80000000e+02 -2.62922127e-02  3.80000000e+02 -5.78428679e-03  3.80000000e+02 -5.00000000e+00 
 3.85000000e+02 -2.67842553e-02  3.85000000e+02 -5.89253617e-03  3.85000000e+02 -5.00000000e+00 
 3.90000000e+02 -2.72813020e-02  3.90000000e+02 -6.00188645e-03  3.90000000e+02 -5.00000000e+00 
 3.95000000e+02 -2.77833486e-02  3.95000000e+02 -6.11233669e-03  3.95000000e+02 -5.00000000e+00 
 4.00000000e+02 -2.82903912e-02  4.00000000e+02 -6.22388606e-03  4.00000000e+02 -5.00000000e+00 
 4.05000000e+02 -2.88024260e-02  4.05000000e+02 -6.33653371e-03  4.05000000e+02 -5.00000000e+00 
 4.10000000e+02 -2.93194495e-02  4.10000000e+02 -6.45027888e-03  4.10000000e+02 -5.00000000e+00 
 4.15000000e+02 -2.98414583e-02  4.15000000e+02 -6.56512082e-03  4.15000000e+02 -5.00000000e+00 
 4.20000000e+02 -3.03684492e-02  4.20000000e+02 -6.68105881e-03  4.20000000e+02 -5.00000000e+00 
 4.25000000e+02 -3.09004190e-02  4.25000000e+02 -6.79809219e-03  4.25000000e+02 -5.00000000e+00 
 4.30000000e+02 -3.14373650e-02  4.30000000e+02 -6.91622029e-03  4.30000000e+02 -5.00000000e+00 
 4.35000000e+02 -3.19792842e-02  4.35000000e+02 -7.03544252e-03  4.35000000e+02 -5.00000000e+00 
 4.40000000e+02 -3.25261739e-02  4.40000000e+02 -7.15575826e-03  4.40000000e+02 -5.00000000e+00 
 4.45000000e+02 -3.30780317e-02  4.45000000e+02 -7.27716697e-03  4.45000000e+02 -5.00000000e+00 
 4.50000000e+02 -3.36348550e-02  4.50000000e+02 -7.39966809e-03  4.50000000e+02 -5.00000000e+00 
 4.55000000e+02 -3.41966415e-02  4.55000000e+02 -7.52326113e-03  4.55000000e+02 -5.00000000e+00 
 4.60000000e+02 -3.47633889e-02  4.60000000e+02 -7.64794557e-03  4.60000000e+02 -5.00000000e+00 
 4.65000000e+02 -3.53350952e-02  4.65000000e+02 -7.77372095e-03  4.65000000e+02 -5.00000000e+00 
 4.70000000e+02 -3.59117582e-02  4.70000000e+02 -7.90058681e-03  4.70000000e+02 -5.00000000e+00 
 4.75000000e+02 -3.64933760e-02  4.75000000e+02 -8.02854272e-03  4.75000000e+02 -5.00000000e+00 
 4.80000000e+02 -3.70799466e-02  4.80000000e+02 -8.15758826e-03  4.80000000e+02 -5.00000000e+00 
 4.85000000e+02 -3.76714683e-02  4.85000000e+02 -8.28772303e-03  4.85000000e+02 -5.00000000e+00 
 4.90000000e+02 -3.82679393e-02  4.90000000e+02 -8.41894664e-03  4.90000000e+02 -5.00000000e+00 
 4.95000000e+02 -3.88693579e-02  4.95000000e+02 -8.55125874e-03  4.95000000e+02 -5.00000000e+00 
 5.00000000e+02 -3.94757225e-02  5.00000000e+02 -8.68465896e-03  5.00000000e+02 -5.00000000e+00 
 0.00000000e+00 -0.00000000e+00  0.00000000e+00 -5.81395349e-28  0.00000000e+00 -4.00000000e+00 
 5.00000000e+00 -2.13944143e-03  5.00000000e+00 -2.11964527e-03  5.00000000e+00 -4.00000000e+00 
 1.00000000e+01 -5.83105842e-03  1.00000000e+01 -2.97960294e-03  1.00000000e+01 -4.00000000e+00 
 1.50000000e+01 -8.24357863e-03  1.50000000e+01 -2.99743492e-03  1.50000000e+01 -4.00000000e+00 
 2.00000000e+01 -9.70037494e-03  2.00000000e+01 -2.89322240e-03  2.00000000e+01 -4.00000000e+00 
 2.50000000e+01 -1.05963548e-02  2.50000000e+01 -2.80499018e-03  2.50000000e+01 -4.00000000e+00 
 3.00000000e+01 -1.11593786e-02  3.00000000e+01 -2.74741500e-03  3.00000000e+01 -4.00000000e+00 
 3.50000000e+01 -1.15244317e-02  3.50000000e+01 -2.71479688e-03  3.50000000e+01 -4.00000000e+00 
 4.00000000e+01 -1.17710630e-02  4.00000000e+01 -2.69944234e-03  4.00000000e+01 -4.00000000e+00 
 4.50000000e+01 -1.19474253e-02  4.50000000e+01 -2.69554100e-03  4.50000000e+01 -4.00000000e+00 
 5.00000000e+01 -1.20832525e-02  5.00000000e+01 -2.69929986e-03  5.00000000e+01 -4.00000000e+00 
 5.50000000e+01 -1.22057043e-02  5.50000000e+01 -2.70602343e-03  5.50000000e+01 -4.00000000e+00 
 6.00000000e+01 -1.23045778e-02  6.00000000e+01 -2.71968887e-03  6.00000000e+01 -4.00000000e+00 
 6.50000000e+01 -1.24028160e-02  6.50000000e+01 -2.73636967e-03  6.50000000e+01 -4.00000000e+00 
 7.00000000e+01 -1.25046764e-02  7.00000000e+01 -2.75576835e-03  7.00000000e+01 -4.00000000e+00 
 7.50000000e+01 -1.26129033e-02  7.50000000e+01 -2.77773921e-03  7.50000000e+01 -4.00000000e+00 
 8.00000000e+01 -1.27292496e-02  8.00000000e+01 -2.80221123e-03  8.00000000e+01 -4.00000000e+00 
 8.50000000e+01 -1.28548052e-02  8.50000000e+01 -2.82914580e-03  8.50000000e+01 -4.00000000e+00 
 9.00000000e+01 -1.29902129e-02  9.00000000e+01 -2.85851451e-03  9.00000000e+01 -4.00000000e+00 
 9.50000000e+01 -1.31358121e-02  9.50000000e+01 -2.89028842e-03  9.50000000e+01 -4.00000000e+00 
 1.00000000e+02 -1.32917364e-02  1.00000000e+02 -2.92443365e-03  1.00000000e+02 -4.00000000e+00 
 1.05000000e+02 -1.34579806e-02  1.05000000e+02 -2.96091036e-03  1.05000000e+02 -4.00000000e+00 
 1.10000000e+02 -1.36344464e-02  1.10000000e+02 -2.99967328e-03  1.10000000e+02 -4.00000000e+00 
 1.15000000e+02 -1.38209749e-02  1.15000000e+02 -3.04067297e-03  1.15000000e+02 -4.00000000e+00 
 1.20000000e+02 -1.40173689e-02  1.20000000e+02 -3.08385716e-03  1.20000000e+02 -4.00000000e+00 
 1.25000000e+02 -1.42234088e-02  1.25000000e+02 -3.12917211e-03  1.25000000e+02 -4.00000000e+00 
 1.30000000e+02 -1.44388638e-02  1.30000000e+02 -3.17656369e-03  1.30000000e+02 -4.00000000e+00 
 1.35000000e+02 -1.46634995e-02  1.35000000e+02 -3.22597831e-03  1.35000000e+02 -4.00000000e+00 
 1.40000000e+02 -1.48970835e-02  1.40000000e+02 -3.27736355e-03  1.40000000e+02 -4.00000000e+00 
 1.45000000e+02 -1.51393887e-02  1.45000000e+02 -3.33066871e-03  1.45000000e+02 -4.00000000e+00 
 1.50000000e+02 -1.53901961e-02  1.50000000e+02 -3.38584512e-03  1.50000000e+02 -4.00000000e+00 
 1.55000000e+02 -1.56492962e-02  1.55000000e+02 -3.44284637e-03  1.55000000e+02 -4.00000000e+00 
 1.60000000e+02 -1.59164894e-02  1.60000000e+02 -3.50162843e-03  1.60000000e+02 -4.00000000e+00 
 1.65000000e+02 -1.61915873e-02  1.65000000e+02 -3.56214967e-03  1.65000000e+02 -4.00000000e+00 
 1.70000000e+02 -1.64744119e-02  1.70000000e+02 -3.62437090e-03  1.70000000e+02 -4.00000000e+00 
 1.75000000e+02 -1.67647959e-02  1.75000000e+02 -3.68825528e-03  1.75000000e+02 -4.00000000e+00 
 1.80000000e+02 -1.70625825e-02  1.80000000e+02 -3.75376827e-03  1.80000000e+02 -4.00000000e+00 
 1.85000000e+02 -1.73676247e-02  1.85000000e+02 -3.82087750e-03  1.85000000e+02 -4.00000000e+00 
 1.90000000e+02 -1.76797848e-02  1.90000000e+02 -3.88955270e-03  1.90000000e+02 -4.00000000e+00 
 1.95000000e+02 -1.79989343e-02  1.95000000e+02 -3.95976557e-03  1.95000000e+02 -4.00000000e+00 
 2.00000000e+02 -1.83249530e-02  2.00000000e+02 -4.03148968e-03  2.00000000e+02 -4.00000000e+00 
 2.05000000e+02 -1.86577287e-02  2.05000000e+02 -4.10470032e-03  2.05000000e+02 -4.00000000e+00 
 2.10000000e+02 -1.89971565e-02  2.10000000e+02 -4.17937444e-03  2.10000000e+02 -4.00000000e+00 
 2.15000000e+02 -1.93431385e-02  2.15000000e+02 -4.25549047e-03  2.15000000e+02 -4.00000000e+00 
 2.20000000e+02 -1.96955832e-02  2.20000000e+02 -4.33302830e-03  2.20000000e+02 -4.00000000e+00 
 2.25000000e+02 -2.00544051e-02  2.25000000e+02 -4.41196912e-03  2.25000000e+02 -4.00000000e+00 
 2.30000000e+02 -2.04195244e-02  2.30000000e+02 -4.49229536e-03  2.30000000e+02 -4.00000000e+00 
 2.35000000e+02 -2.07908663e-02  2.35000000e+02 -4.57399059e-03  2.35000000e+02 -4.00000000e+00 
 2.40000000e+02 -2.11683610e-02  2.40000000e+02 -4.65703942e-03  2.40000000e+02 -4.00000000e+00 
 2.45000000e+02 -2.15519431e-02  2.45000000e+02 -4.74142748e-03  2.45000000e+02 -4.00000000e+00 
 2.50000000e+02 -2.19415513e-02  2.50000000e+02 -4.82714129e-03  2.50000000e+02 -4.00000000e+00 
 2.55000000e+02 -2.23371283e-02  2.55000000e+02 -4.91416823e-03  2.55000000e+02 -4.00000000e+00 
 2.60000000e+02 -2.27386203e-02  2.60000000e+02 -5.00249646e-03  2.60000000e+02 -4.00000000e+00 
 2.65000000e+02 -2.31459767e-02  2.65000000e+02 -5.09211488e-03  2.65000000e+02 -4.00000000e+00 
 2.70000000e+02 -2.35591503e-02  2.70000000e+02 -5.18301308e-03  2.70000000e+02 -4.00000000e+00 
 2.75000000e+02 -2.39780966e-02  2.75000000e+02 -5.27518125e-03  2.75000000e+02 -4.00000000e+00 
 2.80000000e+02 -2.44027737e-02  2.80000000e+02 -5.36861022e-03  2.80000000e+02 -4.00000000e+00 
 2.85000000e+02 -2.48331423e-02  2.85000000e+02 -5.46329131e-03  2.85000000e+02 -4.00000000e+00 
 2.90000000e+02 -2.52691655e-02  2.90000000e+02 -5.55921640e-03  2.90000000e+02 -4.00000000e+00 
 2.95000000e+02 -2.57108083e-02  2.95000000e+02 -5.65637782e-03  2.95000000e+02 -4.00000000e+00 
 3.00000000e+02 -2.61580379e-02  3.00000000e+02 -5.75476833e-03  3.00000000e+02 -4.00000000e+00 
 3.05000000e+02 -2.66108233e-02  3.05000000e+02 -5.85438114e-03  3.05000000e+02 -4.00000000e+00 
 3.10000000e+02 -2.70691355e-02  3.10000000e+02 -5.95520980e-03  3.10000000e+02 -4.00000000e+00 
 3.15000000e+02 -2.75329466e-02  3.15000000e+02 -6.05724826e-03  3.15000000e+02 -4.00000000e+00 
 3.20000000e+02 -2.80022308e-02  3.20000000e+02 -6.16049078e-03  3.20000000e+02 -4.00000000e+00 
 3.25000000e+02 -2.84769633e-02  3.25000000e+02 -6.26493194e-03  3.25000000e+02 -4.00000000e+00 
 3.30000000e+02 -2.89571209e-02  3.30000000e+02 -6.37056661e-03  3.30000000e+02 -4.00000000e+00 
 3.35000000e+02 -2.94426816e-02  3.35000000e+02 -6.47738994e-03  3.35000000e+02 -4.00000000e+00 
 3.40000000e+02 -2.99336243e-02  3.40000000e+02 -6.58539734e-03  3.40000000e+02 -4.00000000e+00 
 3.45000000e+02 -3.04299294e-02  3.45000000e+02 -6.69458446e-03  3.45000000e+02 -4.00000000e+00 
 3.50000000e+02 -3.09315780e-02  3.50000000e+02 -6.80494715e-03  3.50000000e+02 -4.00000000e+00 
 3.55000000e+02 -3.14385523e-02  3.55000000e+02 -6.91648151e-03  3.55000000e+02 -4.00000000e+00 
 3.60000000e+02 -3.19508356e-02  3.60000000e+02 -7.02918382e-03  3.60000000e+02 -4.00000000e+00 
 3.65000000e+02 -3.24684116e-02  3.65000000e+02 -7.14305054e-03  3.65000000e+02 -4.00000000e+00 
 3.70000000e+02 -3.29912651e-02  3.70000000e+02 -7.25807832e-03  3.70000000e+02 -4.00000000e+00 
 3.75000000e+02 -3.35193816e-02  3.75000000e+02 -7.37426396e-03  3.75000000e+02 -4.00000000e+00 
 3.80000000e+02 -3.40527474e-02  3.80000000e+02 -7.49160443e-03  3.80000000e+02 -4.00000000e+00 
 3.85000000e+02 -3.45913492e-02  3.85000000e+02 -7.61009683e-03  3.85000000e+02 -4.00000000e+00 
 3.90000000e+02 -3.51351746e-02  3.90000000e+02 -7.72973842e-03  3.90000000e+02 -4.00000000e+00 
 3.95000000e+02 -3.56842117e-02  3.95000000e+02 -7.85052657e-03  3.95000000e+02 -4.00000000e+00 
 4.00000000e+02 -3.62384490e-02  4.00000000e+02 -7.97245877e-03  4.00000000e+02 -4.00000000e+00 
 4.05000000e+02 -3.67978757e-02  4.05000000e+02 -8.09553265e-03  4.05000000e+02 -4.00000000e+00 
 4.10000000e+02 -3.73624814e-02  4.10000000e+02 -8.21974592e-03  4.10000000e+02 -4.00000000e+00 
 4.15000000e+02 -3.79322564e-02  4.15000000e+02 -8.34509641e-03  4.15000000e+02 -4.00000000e+00 
 4.20000000e+02 -3.85071911e-02  4.20000000e+02 -8.47158204e-03  4.20000000e+02 -4.00000000e+00 
 4.25000000e+02 -3.90872765e-02  4.25000000e+02 -8.59920083e-03  4.25000000e+02 -4.00000000e+00 
 4.30000000e+02 -3.96725040e-02  4.30000000e+02 -8.72795089e-03  4.30000000e+02 -4.00000000e+00 
 4.35000000e+02 -4.02628654e-02  4.35000000e+02 -8.85783039e-03  4.35000000e+02 -4.00000000e+00 
 4.40000000e+02 -4.08583527e-02  4.40000000e+02 -8.98883760e-03  4.40000000e+02 -4.00000000e+00 
 4.45000000e+02 -4.14589584e-02  4.45000000e+02 -9.12097085e-03  4.45000000e+02 -4.00000000e+00 
 4.50000000e+02 -4.20646753e-02  4.50000000e+02 -9.25422856e-03  4.50000000e+02 -4.00000000e+00 
 4.55000000e+02 -4.26754964e-02  4.55000000e+02 -9.38860920e-03  4.55000000e+02 -4.00000000e+00 
 4.60000000e+02 -4.32914150e-02  4.60000000e+02 -9.52411130e-03  4.60000000e+02 -4.00000000e+00 
 4.65000000e+02 -4.39124248e-02  4.65000000e+02 -9.66073346e-03  4.65000000e+02 -4.00000000e+00 
 4.70000000e+02 -4.45385197e-02  4.70000000e+02 -9.79847434e-03  4.70000000e+02 -4.00000000e+00 
 4.75000000e+02 -4.51696938e-02  4.75000000e+02 -9.93733264e-03  4.75000000e+02 -4.00000000e+00 
 4.80000000e+02 -4.58059415e-02  4.80000000e+02 -1.00773071e-02  4.80000000e+02 -4.00000000e+00 
 4.85000000e+02 -4.64472573e-02  4.85000000e+02 -1.02183966e-02  4.85000000e+02 -4.00000000e+00 
 4.90000000e+02 -4.70936360e-02  4.90000000e+02 -1.03605999e-02  4.90000000e+02 -4.00000000e+00 
 4.95000000e+02 -4.77450727e-02  4.95000000e+02 -1.05039160e-02  4.95000000e+02 -4.00000000e+00 
 5.00000000e+02 -4.84015625e-02  5.00000000e+02 -1.06483438e-02  5.00000000e+02 -4.00000000e+00 
 0.00000000e+00 -0.00000000e+00  0.00000000e+00 -5.81395349e-28  0.00000000e+00 -3.00000000e+00 
 5.00000000e+00 -3.68146533e-03  5.00000000e+00 -3.64740088e-03  5.00000000e+00 -3.00000000e+00 
 1.00000000e+01 -1.00279338e-02  1.00000000e+01 -5.12415739e-03  1.00000000e+01 -3.00000000e+00 
 1.50000000e+01 -1.41672940e-02  1.50000000e+01 -5.15134794e-03  1.50000000e+01 -3.00000000e+00 
 2.00000000e+01 -1.66592000e-02  2.00000000e+01 -4.96875336e-03  2.00000000e+01 -3.00000000e+00 
 2.50000000e+01 -1.81848266e-02  2.50000000e+01 -4.81375536e-03  2.50000000e+01 -3.00000000e+00 
 3.00000000e+01 -1.91365634e-02  3.00000000e+01 -4.71138074e-03  3.00000000e+01 -3.00000000e+00 
 3.50000000e+01 -1.97459188e-02  3.50000000e+01 -4.65152298e-03  3.50000000e+01 -3.00000000e+00 
 4.00000000e+01 -2.01482352e-02  4.00000000e+01 -4.62056820e-03  4.00000000e+01 -3.00000000e+00 
 4.50000000e+01 -2.04244836e-02  4.50000000e+01 -4.60810860e-03  4.50000000e+01 -3.00000000e+00 
 5.00000000e+01 -2.06239902e-02  5.00000000e+01 -4.60723085e-03  5.00000000e+01 -3.00000000e+00 
 5.50000000e+01 -2.07964425e-02  5.50000000e+01 -4.61054151e-03  5.50000000e+01 -3.00000000e+00 
 6.00000000e+01 -2.09147140e-02  6.00000000e+01 -4.62274191e-03  6.00000000e+01 -3.00000000e+00 
 6.50000000e+01 -2.10213741e-02  6.50000000e+01 -4.63780085e-03  6.50000000e+01 -3.00000000e+00 
 7.00000000e+01 -2.11235171e-02  7.00000000e+01 -4.65515376e-03  7.00000000e+01 -3.00000000e+00 
 7.50000000e+01 -2.12259326e-02  7.50000000e+01 -4.67456818e-03  7.50000000e+01 -3.00000000e+00 
 8.00000000e+01 -2.13319324e-02  8.00000000e+01 -4.69598966e-03  8.00000000e+01 -3.00000000e+00 
 8.50000000e+01 -2.14438376e-02  8.50000000e+01 -4.71945215e-03  8.50000000e+01 -3.00000000e+00 
 9.00000000e+01 -2.15632876e-02  9.00000000e+01 -4.74502625e-03  9.00000000e+01 -3.00000000e+00 
 9.50000000e+01 -2.16914415e-02  9.50000000e+01 -4.77279033e-03  9.50000000e+01 -3.00000000e+00 
 1.00000000e+02 -2.18291112e-02  1.00000000e+02 -4.80281552e-03  1.00000000e+02 -3.00000000e+00 
 1.05000000e+02 -2.19768528e-02  1.05000000e+02 -4.83515874e-03  1.05000000e+02 -3.00000000e+00 
 1.10000000e+02 -2.21350315e-02  1.10000000e+02 -4.86986041e-03  1.10000000e+02 -3.00000000e+00 
 1.15000000e+02 -2.23038675e-02  1.15000000e+02 -4.90694469e-03  1.15000000e+02 -3.00000000e+00 
 1.20000000e+02 -2.24834708e-02  1.20000000e+02 -4.94642098e-03  1.20000000e+02 -3.00000000e+00 
 1.25000000e+02 -2.26738675e-02  1.25000000e+02 -4.98828596e-03  1.25000000e+02 -3.00000000e+00 
 1.30000000e+02 -2.28750193e-02  1.30000000e+02 -5.03252576e-03  1.30000000e+02 -3.00000000e+00 
 1.35000000e+02 -2.30868402e-02  1.35000000e+02 -5.07911801e-03  1.35000000e+02 -3.00000000e+00 
 1.40000000e+02 -2.33092078e-02  1.40000000e+02 -5.12803378e-03  1.40000000e+02 -3.00000000e+00 
 1.45000000e+02 -2.35419735e-02  1.45000000e+02 -5.17923911e-03  1.45000000e+02 -3.00000000e+00 
 1.50000000e+02 -2.37849703e-02  1.50000000e+02 -5.23269649e-03  1.50000000e+02 -3.00000000e+00 
 1.55000000e+02 -2.40380185e-02  1.55000000e+02 -5.28836593e-03  1.55000000e+02 -3.00000000e+00 
 1.60000000e+02 -2.43009309e-02  1.60000000e+02 -5.34620594e-03  1.60000000e+02 -3.00000000e+00 
 1.65000000e+02 -2.45735163e-02  1.65000000e+02 -5.40617428e-03  1.65000000e+02 -3.00000000e+00 
 1.70000000e+02 -2.48555824e-02  1.70000000e+02 -5.46822855e-03  1.70000000e+02 -3.00000000e+00 
 1.75000000e+02 -2.51469382e-02  1.75000000e+02 -5.53232667e-03  1.75000000e+02 -3.00000000e+00 
 1.80000000e+02 -2.54473958e-02  1.80000000e+02 -5.59842723e-03  1.80000000e+02 -3.00000000e+00 
 1.85000000e+02 -2.57567713e-02  1.85000000e+02 -5.66648978e-03  1.85000000e+02 -3.00000000e+00 
 1.90000000e+02 -2.60748862e-02  1.90000000e+02 -5.73647503e-03  1.90000000e+02 -3.00000000e+00 
 1.95000000e+02 -2.64015678e-02  1.95000000e+02 -5.80834496e-03  1.95000000e+02 -3.00000000e+00 
 2.00000000e+02 -2.67366497e-02  2.00000000e+02 -5.88206296e-03  2.00000000e+02 -3.00000000e+00 
 2.05000000e+02 -2.70799721e-02  2.05000000e+02 -5.95759387e-03  2.05000000e+02 -3.00000000e+00 
 2.10000000e+02 -2.74313817e-02  2.10000000e+02 -6.03490399e-03  2.10000000e+02 -3.00000000e+00 
 2.15000000e+02 -2.77907323e-02  2.15000000e+02 -6.11396111e-03  2.15000000e+02 -3.00000000e+00 
 2.20000000e+02 -2.81578841e-02  2.20000000e+02 -6.19473450e-03  2.20000000e+02 -3.00000000e+00 
 2.25000000e+02 -2.85327039e-02  2.25000000e+02 -6.27719486e-03  2.25000000e+02 -3.00000000e+00 
 2.30000000e+02 -2.89150649e-02  2.30000000e+02 -6.36131429e-03  2.30000000e+02 -3.00000000e+00 
 2.35000000e+02 -2.93048467e-02  2.35000000e+02 -6.44706626e-03  2.35000000e+02 -3.00000000e+00 
 2.40000000e+02 -2.97019345e-02  2.40000000e+02 -6.53442558e-03  2.40000000e+02 -3.00000000e+00 
 2.45000000e+02 -3.01062195e-02  2.45000000e+02 -6.62336829e-03  2.45000000e+02 -3.00000000e+00 
 2.50000000e+02 -3.05175984e-02  2.50000000e+02 -6.71387165e-03  2.50000000e+02 -3.00000000e+00 
 2.55000000e+02 -3.09359731e-02  2.55000000e+02 -6.80591408e-03  2.55000000e+02 -3.00000000e+00 
 2.60000000e+02 -3.13612505e-02  2.60000000e+02 -6.89947512e-03  2.60000000e+02 -3.00000000e+00 
 2.65000000e+02 -3.17933423e-02  2.65000000e+02 -6.99453532e-03  2.65000000e+02 -3.00000000e+00 
 2.70000000e+02 -3.22321648e-02  2.70000000e+02 -7.09107625e-03  2.70000000e+02 -3.00000000e+00 
 2.75000000e+02 -3.26776383e-02  2.75000000e+02 -7.18908042e-03  2.75000000e+02 -3.00000000e+00 
 2.80000000e+02 -3.31296875e-02  2.80000000e+02 -7.28853124e-03  2.80000000e+02 -3.00000000e+00 
 2.85000000e+02 -3.35882407e-02  2.85000000e+02 -7.38941296e-03  2.85000000e+02 -3.00000000e+00 
 2.90000000e+02 -3.40532301e-02  2.90000000e+02 -7.49171063e-03  2.90000000e+02 -3.00000000e+00 
 2.95000000e+02 -3.45245912e-02  2.95000000e+02 -7.59541006e-03  2.95000000e+02 -3.00000000e+00 
 3.00000000e+02 -3.50022626e-02  3.00000000e+02 -7.70049778e-03  3.00000000e+02 -3.00000000e+00 
 3.05000000e+02 -3.54861863e-02  3.05000000e+02 -7.80696099e-03  3.05000000e+02 -3.00000000e+00 
 3.10000000e+02 -3.59763070e-02  3.10000000e+02 -7.91478753e-03  3.10000000e+02 -3.00000000e+00 
 3.15000000e+02 -3.64725721e-02  3.15000000e+02 -8.02396586e-03  3.15000000e+02 -3.00000000e+00 
 3.20000000e+02 -3.69749318e-02  3.20000000e+02 -8.13448499e-03  3.20000000e+02 -3.00000000e+00 
 3.25000000e+02 -3.74833385e-02  3.25000000e+02 -8.24633448e-03  3.25000000e+02 -3.00000000e+00 
 3.30000000e+02 -3.79977472e-02  3.30000000e+02 -8.35950439e-03  3.30000000e+02 -3.00000000e+00 
 3.35000000e+02 -3.85181149e-02  3.35000000e+02 -8.47398528e-03  3.35000000e+02 -3.00000000e+00 
 3.40000000e+02 -3.90444006e-02  3.40000000e+02 -8.58976814e-03  3.40000000e+02 -3.00000000e+00 
 3.45000000e+02 -3.95765655e-02  3.45000000e+02 -8.70684441e-03  3.45000000e+02 -3.00000000e+00 
 3.50000000e+02 -4.01145724e-02  3.50000000e+02 -8.82520592e-03  3.50000000e+02 -3.00000000e+00 
 3.55000000e+02 -4.06583859e-02  3.55000000e+02 -8.94484490e-03  3.55000000e+02 -3.00000000e+00 
 3.60000000e+02 -4.12079724e-02  3.60000000e+02 -9.06575393e-03  3.60000000e+02 -3.00000000e+00 
 3.65000000e+02 -4.17632997e-02  3.65000000e+02 -9.18792594e-03  3.65000000e+02 -3.00000000e+00 
 3.70000000e+02 -4.23243372e-02  3.70000000e+02 -9.31135418e-03  3.70000000e+02 -3.00000000e+00 
 3.75000000e+02 -4.28910555e-02  3.75000000e+02 -9.43603220e-03  3.75000000e+02 -3.00000000e+00 
 3.80000000e+02 -4.34634267e-02  3.80000000e+02 -9.56195387e-03  3.80000000e+02 -3.00000000e+00 
 3.85000000e+02 -4.40414241e-02  3.85000000e+02 -9.68911330e-03  3.85000000e+02 -3.00000000e+00 
 3.90000000e+02 -4.46250222e-02  3.90000000e+02 -9.81750489e-03  3.90000000e+02 -3.00000000e+00 
 3.95000000e+02 -4.52141967e-02  3.95000000e+02 -9.94712327e-03  3.95000000e+02 -3.00000000e+00 
 4.00000000e+02 -4.58089241e-02  4.00000000e+02 -1.00779633e-02  4.00000000e+02 -3.00000000e+00 
 4.05000000e+02 -4.64091823e-02  4.05000000e+02 -1.02100201e-02  4.05000000e+02 -3.00000000e+00 
 4.10000000e+02 -4.70149497e-02  4.10000000e+02 -1.03432889e-02  4.10000000e+02 -3.00000000e+00 
 4.15000000e+02 -4.76262061e-02  4.15000000e+02 -1.04777653e-02  4.15000000e+02 -3.00000000e+00 
 4.20000000e+02 -4.82429317e-02  4.20000000e+02 -1.06134450e-02  4.20000000e+02 -3.00000000e+00 
 4.25000000e+02 -4.88651080e-02  4.25000000e+02 -1.07503238e-02  4.25000000e+02 -3.00000000e+00 
 4.30000000e+02 -4.94927168e-02  4.30000000e+02 -1.08883977e-02  4.30000000e+02 -3.00000000e+00 
 4.35000000e+02 -5.01257410e-02  4.35000000e+02 -1.10276630e-02  4.35000000e+02 -3.00000000e+00 
 4.40000000e+02 -5.07641640e-02  4.40000000e+02 -1.11681161e-02  4.40000000e+02 -3.00000000e+00 
 4.45000000e+02 -5.14079700e-02  4.45000000e+02 -1.13097534e-02  4.45000000e+02 -3.00000000e+00 
 4.50000000e+02 -5.20571438e-02  4.50000000e+02 -1.14525716e-02  4.50000000e+02 -3.00000000e+00 
 4.55000000e+02 -5.27116706e-02  4.55000000e+02 -1.15965675e-02  4.55000000e+02 -3.00000000e+00 
 4.60000000e+02 -5.33715366e-02  4.60000000e+02 -1.17417381e-02  4.60000000e+02 -3.00000000e+00 
 4.65000000e+02 -5.40367282e-02  4.65000000e+02 -1.18880802e-02  4.65000000e+02 -3.00000000e+00 
 4.70000000e+02 -5.47072324e-02  4.70000000e+02 -1.20355911e-02  4.70000000e+02 -3.00000000e+00 
 4.75000000e+02 -5.53830369e-02  4.75000000e+02 -1.21842681e-02  4.75000000e+02 -3.00000000e+00 
 4.80000000e+02 -5.60641295e-02  4.80000000e+02 -1.23341085e-02  4.80000000e+02 -3.00000000e+00 
 4.85000000e+02 -5.67504988e-02  4.85000000e+02 -1.24851097e-02  4.85000000e+02 -3.00000000e+00 
 4.90000000e+02 -5.74421338e-02  4.90000000e+02 -1.26372694e-02  4.90000000e+02 -3.00000000e+00 
 4.95000000e+02 -5.81390236e-02  4.95000000e+02 -1.27905852e-02  4.95000000e+02 -3.00000000e+00 
 5.00000000e+02 -5.88411580e-02  5.00000000e+02 -1.29450548e-02  5.00000000e+02 -3.00000000e+00 
 0.00000000e+00 -0.00000000e+00  0.00000000e+00 -5.81395349e-28  0.00000000e+00 -2.00000000e+00 
 5.00000000e+00 -5.63941876e-03  5.00000000e+00 -5.58723745e-03  5.00000000e+00 -2.00000000e+00 
 1.00000000e+01 -1.53556152e-02  1.00000000e+01 -7.84654054e-03  1.00000000e+01 -2.00000000e+00 
 1.50000000e+01 -2.16851337e-02  1.50000000e+01 -7.88489804e-03  1.50000000e+01 -2.00000000e+00 
 2.00000000e+01 -2.54883128e-02  2.00000000e+01 -7.60211414e-03  2.00000000e+01 -2.00000000e+00 
 2.50000000e+01 -2.78102479e-02  2.50000000e+01 -7.36172707e-03  2.50000000e+01 -2.00000000e+00 
 3.00000000e+01 -2.92527030e-02  3.00000000e+01 -7.20195254e-03  3.00000000e+01 -2.00000000e+00 
 3.50000000e+01 -3.01704206e-02  3.50000000e+01 -7.10721066e-03  3.50000000e+01 -2.00000000e+00 
 4.00000000e+01 -3.07703670e-02  4.00000000e+01 -7.05652766e-03  4.00000000e+01 -2.00000000e+00 
 4.50000000e+01 -3.11758325e-02  4.50000000e+01 -7.03379458e-03  4.50000000e+01 -2.00000000e+00 
 5.00000000e+01 -3.14613622e-02  5.00000000e+01 -7.02821119e-03  5.00000000e+01 -2.00000000e+00 
 5.50000000e+01 -3.17038827e-02  5.50000000e+01 -7.02867058e-03  5.50000000e+01 -2.00000000e+00 
 6.00000000e+01 -3.18573632e-02  6.00000000e+01 -7.04134878e-03  6.00000000e+01 -2.00000000e+00 
 6.50000000e+01 -3.19873208e-02  6.50000000e+01 -7.05712201e-03  6.50000000e+01 -2.00000000e+00 
 7.00000000e+01 -3.21037651e-02  7.00000000e+01 -7.07494182e-03  7.00000000e+01 -2.00000000e+00 
 7.50000000e+01 -3.22133910e-02  7.50000000e+01 -7.09431590e-03  7.50000000e+01 -2.00000000e+00 
 8.00000000e+01 -3.23208444e-02  8.00000000e+01 -7.11507010e-03  8.00000000e+01 -2.00000000e+00 
 8.50000000e+01 -3.24294471e-02  8.50000000e+01 -7.13720733e-03  8.50000000e+01 -2.00000000e+00 
 9.00000000e+01 -3.25416409e-02  9.00000000e+01 -7.16082205e-03  9.00000000e+01 -2.00000000e+00 
 9.50000000e+01 -3.26592640e-02  9.50000000e+01 -7.18604935e-03  9.50000000e+01 -2.00000000e+00 
 1.00000000e+02 -3.27837248e-02  1.00000000e+02 -7.21303528e-03  1.00000000e+02 -2.00000000e+00 
 1.05000000e+02 -3.29161143e-02  1.05000000e+02 -7.24192025e-03  1.05000000e+02 -2.00000000e+00 
 1.10000000e+02 -3.30572811e-02  1.10000000e+02 -7.27283039e-03  1.10000000e+02 -2.00000000e+00 
 1.15000000e+02 -3.32078834e-02  1.15000000e+02 -7.30587363e-03  1.15000000e+02 -2.00000000e+00 
 1.20000000e+02 -3.33684260e-02  1.20000000e+02 -7.34113863e-03  1.20000000e+02 -2.00000000e+00 
 1.25000000e+02 -3.35392888e-02  1.25000000e+02 -7.37869532e-03  1.25000000e+02 -2.00000000e+00 
 1.30000000e+02 -3.37207484e-02  1.30000000e+02 -7.41859624e-03  1.30000000e+02 -2.00000000e+00 
 1.35000000e+02 -3.39129959e-02  1.35000000e+02 -7.46087836e-03  1.35000000e+02 -2.00000000e+00 
 1.40000000e+02 -3.41161509e-02  1.40000000e+02 -7.50556497e-03  1.40000000e+02 -2.00000000e+00 
 1.45000000e+02 -3.43302745e-02  1.45000000e+02 -7.55266758e-03  1.45000000e+02 -2.00000000e+00 
 1.50000000e+02 -3.45553788e-02  1.50000000e+02 -7.60218772e-03  1.50000000e+02 -2.00000000e+00 
 1.55000000e+02 -3.47914357e-02  1.55000000e+02 -7.65411853e-03  1.55000000e+02 -2.00000000e+00 
 1.60000000e+02 -3.50383847e-02  1.60000000e+02 -7.70844627e-03  1.60000000e+02 -2.00000000e+00 
 1.65000000e+02 -3.52961388e-02  1.65000000e+02 -7.76515154e-03  1.65000000e+02 -2.00000000e+00 
 1.70000000e+02 -3.55645902e-02  1.70000000e+02 -7.82421047e-03  1.70000000e+02 -2.00000000e+00 
 1.75000000e+02 -3.58436147e-02  1.75000000e+02 -7.88559562e-03  1.75000000e+02 -2.00000000e+00 
 1.80000000e+02 -3.61330755e-02  1.80000000e+02 -7.94927685e-03  1.80000000e+02 -2.00000000e+00 
 1.85000000e+02 -3.64328266e-02  1.85000000e+02 -8.01522200e-03  1.85000000e+02 -2.00000000e+00 
 1.90000000e+02 -3.67427155e-02  1.90000000e+02 -8.08339749e-03  1.90000000e+02 -2.00000000e+00 
 1.95000000e+02 -3.70625852e-02  1.95000000e+02 -8.15376880e-03  1.95000000e+02 -2.00000000e+00 
 2.00000000e+02 -3.73922767e-02  2.00000000e+02 -8.22630091e-03  2.00000000e+02 -2.00000000e+00 
 2.05000000e+02 -3.77316299e-02  2.05000000e+02 -8.30095860e-03  2.05000000e+02 -2.00000000e+00 
 2.10000000e+02 -3.80804852e-02  2.10000000e+02 -8.37770677e-03  2.10000000e+02 -2.00000000e+00 
 2.15000000e+02 -3.84386846e-02  2.15000000e+02 -8.45651063e-03  2.15000000e+02 -2.00000000e+00 
 2.20000000e+02 -3.88060723e-02  2.20000000e+02 -8.53733590e-03  2.20000000e+02 -2.00000000e+00 
 2.25000000e+02 -3.91824953e-02  2.25000000e+02 -8.62014896e-03  2.25000000e+02 -2.00000000e+00 
 2.30000000e+02 -3.95678043e-02  2.30000000e+02 -8.70491694e-03  2.30000000e+02 -2.00000000e+00 
 2.35000000e+02 -3.99618537e-02  2.35000000e+02 -8.79160782e-03  2.35000000e+02 -2.00000000e+00 
 2.40000000e+02 -4.03645022e-02  2.40000000e+02 -8.88019049e-03  2.40000000e+02 -2.00000000e+00 
 2.45000000e+02 -4.07756126e-02  2.45000000e+02 -8.97063477e-03  2.45000000e+02 -2.00000000e+00 
 2.50000000e+02 -4.11950522e-02  2.50000000e+02 -9.06291148e-03  2.50000000e+02 -2.00000000e+00 
 2.55000000e+02 -4.16226929e-02  2.55000000e+02 -9.15699243e-03  2.55000000e+02 -2.00000000e+00 
 2.60000000e+02 -4.20584110e-02  2.60000000e+02 -9.25285042e-03  2.60000000e+02 -2.00000000e+00 
 2.65000000e+02 -4.25020875e-02  2.65000000e+02 -9.35045925e-03  2.65000000e+02 -2.00000000e+00 
 2.70000000e+02 -4.29536078e-02  2.70000000e+02 -9.44979371e-03  2.70000000e+02 -2.00000000e+00 
 2.75000000e+02 -4.34128616e-02  2.75000000e+02 -9.55082955e-03  2.75000000e+02 -2.00000000e+00 
 2.80000000e+02 -4.38797431e-02  2.80000000e+02 -9.65354347e-03  2.80000000e+02 -2.00000000e+00 
 2.85000000e+02 -4.43541505e-02  2.85000000e+02 -9.75791310e-03  2.85000000e+02 -2.00000000e+00 
 2.90000000e+02 -4.48359862e-02  2.90000000e+02 -9.86391697e-03  2.90000000e+02 -2.00000000e+00 
 2.95000000e+02 -4.53251567e-02  2.95000000e+02 -9.97153447e-03  2.95000000e+02 -2.00000000e+00 
 3.00000000e+02 -4.58215721e-02  3.00000000e+02 -1.00807459e-02  3.00000000e+02 -2.00000000e+00 
 3.05000000e+02 -4.63251463e-02  3.05000000e+02 -1.01915322e-02  3.05000000e+02 -2.00000000e+00 
 3.10000000e+02 -4.68357968e-02  3.10000000e+02 -1.03038753e-02  3.10000000e+02 -2.00000000e+00 
 3.15000000e+02 -4.73534444e-02  3.15000000e+02 -1.04177578e-02  3.15000000e+02 -2.00000000e+00 
 3.20000000e+02 -4.78780135e-02  3.20000000e+02 -1.05331630e-02  3.20000000e+02 -2.00000000e+00 
 3.25000000e+02 -4.84094314e-02  3.25000000e+02 -1.06500749e-02  3.25000000e+02 -2.00000000e+00 
 3.30000000e+02 -4.89476284e-02  3.30000000e+02 -1.07684783e-02  3.30000000e+02 -2.00000000e+00 
 3.35000000e+02 -4.94925380e-02  3.35000000e+02 -1.08883583e-02  3.35000000e+02 -2.00000000e+00 
 3.40000000e+02 -5.00440961e-02  3.40000000e+02 -1.10097011e-02  3.40000000e+02 -2.00000000e+00 
 3.45000000e+02 -5.06022416e-02  3.45000000e+02 -1.11324931e-02  3.45000000e+02 -2.00000000e+00 
 3.50000000e+02 -5.11669157e-02  3.50000000e+02 -1.12567215e-02  3.50000000e+02 -2.00000000e+00 
 3.55000000e+02 -5.17380623e-02  3.55000000e+02 -1.13823737e-02  3.55000000e+02 -2.00000000e+00 
 3.60000000e+02 -5.23156274e-02  3.60000000e+02 -1.15094380e-02  3.60000000e+02 -2.00000000e+00 
 3.65000000e+02 -5.28995592e-02  3.65000000e+02 -1.16379030e-02  3.65000000e+02 -2.00000000e+00 
 3.70000000e+02 -5.34898083e-02  3.70000000e+02 -1.17677578e-02  3.70000000e+02 -2.00000000e+00 
 3.75000000e+02 -5.40863271e-02  3.75000000e+02 -1.18989920e-02  3.75000000e+02 -2.00000000e+00 
 3.80000000e+02 -5.46890699e-02  3.80000000e+02 -1.20315954e-02  3.80000000e+02 -2.00000000e+00 
 3.85000000e+02 -5.52979930e-02  3.85000000e+02 -1.21655585e-02  3.85000000e+02 -2.00000000e+00 
 3.90000000e+02 -5.59130545e-02  3.90000000e+02 -1.23008720e-02  3.90000000e+02 -2.00000000e+00 
 3.95000000e+02 -5.65342140e-02  3.95000000e+02 -1.24375271e-02  3.95000000e+02 -2.00000000e+00 
 4.00000000e+02 -5.71614327e-02  4.00000000e+02 -1.25755152e-02  4.00000000e+02 -2.00000000e+00 
 4.05000000e+02 -5.77946736e-02  4.05000000e+02 -1.27148282e-02  4.05000000e+02 -2.00000000e+00 
 4.10000000e+02 -5.84339010e-02  4.10000000e+02 -1.28554582e-02  4.10000000e+02 -2.00000000e+00 
 4.15000000e+02 -5.90790805e-02  4.15000000e+02 -1.29973977e-02  4.15000000e+02 -2.00000000e+00 
 4.20000000e+02 -5.97301793e-02  4.20000000e+02 -1.31406394e-02  4.20000000e+02 -2.00000000e+00 
 4.25000000e+02 -6.03871656e-02  4.25000000e+02 -1.32851764e-02  4.25000000e+02 -2.00000000e+00 
 4.30000000e+02 -6.10500089e-02  4.30000000e+02 -1.34310020e-02  4.30000000e+02 -2.00000000e+00 
 4.35000000e+02 -6.17186801e-02  4.35000000e+02 -1.35781096e-02  4.35000000e+02 -2.00000000e+00 
 4.40000000e+02 -6.23931509e-02  4.40000000e+02 -1.37264932e-02  4.40000000e+02 -2.00000000e+00 
 4.45000000e+02 -6.30733943e-02  4.45000000e+02 -1.38761467e-02  4.45000000e+02 -2.00000000e+00 
 4.50000000e+02 -6.37593841e-02  4.50000000e+02 -1.40270645e-02  4.50000000e+02 -2.00000000e+00 
 4.55000000e+02 -6.44510952e-02  4.55000000e+02 -1.41792409e-02  4.55000000e+02 -2.00000000e+00 
 4.60000000e+02 -6.51485035e-02  4.60000000e+02 -1.43326708e-02  4.60000000e+02 -2.00000000e+00 
 4.65000000e+02 -6.58515857e-02  4.65000000e+02 -1.44873489e-02  4.65000000e+02 -2.00000000e+00 
 4.70000000e+02 -6.65603193e-02  4.70000000e+02 -1.46432703e-02  4.70000000e+02 -2.00000000e+00 
 4.75000000e+02 -6.72746828e-02  4.75000000e+02 -1.48004302e-02  4.75000000e+02 -2.00000000e+00 
 4.80000000e+02 -6.79946552e-02  4.80000000e+02 -1.49588242e-02  4.80000000e+02 -2.00000000e+00 
 4.85000000e+02 -6.87202166e-02  4.85000000e+02 -1.51184476e-02  4.85000000e+02 -2.00000000e+00 
 4.90000000e+02 -6.94513475e-02  4.90000000e+02 -1.52792964e-02  4.90000000e+02 -2.00000000e+00 
 4.95000000e+02 -7.01880292e-02  4.95000000e+02 -1.54413664e-02  4.95000000e+02 -2.00000000e+00 
 5.00000000e+02 -7.09302438e-02  5.00000000e+02 -1.56046536e-02  5.00000000e+02 -2.00000000e+00 
 0.00000000e+00 -0.00000000e+00  0.00000000e+00 -5.81395349e-28  0.00000000e+00 -1.00000000e+00 
 5.00000000e+00 -8.01330172e-03  5.00000000e+00 -7.93915497e-03  5.00000000e+00 -1.00000000e+00 
 1.00000000e+01 -2.18141027e-02  1.00000000e+01 -1.11467524e-02  1.00000000e+01 -1.00000000e+00 
 1.50000000e+01 -3.07970975e-02  1.50000000e+01 -1.11980852e-02  1.50000000e+01 -1.00000000e+00 
 2.00000000e+01 -3.61877076e-02  2.00000000e+01 -1.07933030e-02  2.00000000e+01 -1.00000000e+00 
 2.50000000e+01 -3.94725452e-02  2.50000000e+01 -1.04488858e-02  2.50000000e+01 -1.00000000e+00 
 3.00000000e+01 -4.15073904e-02  3.00000000e+01 -1.02190302e-02  3.00000000e+01 -1.00000000e+00 
 3.50000000e+01 -4.27965815e-02  3.50000000e+01 -1.00815406e-02  3.50000000e+01 -1.00000000e+00 
 4.00000000e+01 -4.36342061e-02  4.00000000e+01 -1.00065749e-02  4.00000000e+01 -1.00000000e+00 
 4.50000000e+01 -4.41952387e-02  4.50000000e+01 -9.97119258e-03  4.50000000e+01 -1.00000000e+00 
 5.00000000e+01 -4.45851946e-02  5.00000000e+01 -9.95996810e-03  5.00000000e+01 -1.00000000e+00 
 5.50000000e+01 -4.48684254e-02  5.50000000e+01 -9.96311331e-03  5.50000000e+01 -1.00000000e+00 
 6.00000000e+01 -4.51130119e-02  6.00000000e+01 -9.97120544e-03  6.00000000e+01 -1.00000000e+00 
 6.50000000e+01 -4.52765178e-02  6.50000000e+01 -9.98900488e-03  6.50000000e+01 -1.00000000e+00 
 7.00000000e+01 -4.54173435e-02  7.00000000e+01 -1.00089436e-02  7.00000000e+01 -1.00000000e+00 
 7.50000000e+01 -4.55443293e-02  7.50000000e+01 -1.00301658e-02  7.50000000e+01 -1.00000000e+00 
 8.00000000e+01 -4.56634434e-02  8.00000000e+01 -1.00522886e-02  8.00000000e+01 -1.00000000e+00 
 8.50000000e+01 -4.57788807e-02  8.50000000e+01 -1.00752029e-02  8.50000000e+01 -1.00000000e+00 
 9.00000000e+01 -4.58937022e-02  9.00000000e+01 -1.00989549e-02  9.00000000e+01 -1.00000000e+00 
 9.50000000e+01 -4.60102245e-02  9.50000000e+01 -1.01236725e-02  9.50000000e+01 -1.00000000e+00 
 1.00000000e+02 -4.61302597e-02  1.00000000e+02 -1.01495226e-02  1.00000000e+02 -1.00000000e+00 
 1.05000000e+02 -4.62552628e-02  1.05000000e+02 -1.01766842e-02  1.05000000e+02 -1.00000000e+00 
 1.10000000e+02 -4.63864252e-02  1.10000000e+02 -1.02053338e-02  1.10000000e+02 -1.00000000e+00 
 1.15000000e+02 -4.65247344e-02  1.15000000e+02 -1.02356364e-02  1.15000000e+02 -1.00000000e+00 
 1.20000000e+02 -4.66710138e-02  1.20000000e+02 -1.02677416e-02  1.20000000e+02 -1.00000000e+00 
 1.25000000e+02 -4.68259506e-02  1.25000000e+02 -1.03017813e-02  1.25000000e+02 -1.00000000e+00 
 1.30000000e+02 -4.69901161e-02  1.30000000e+02 -1.03378695e-02  1.30000000e+02 -1.00000000e+00 
 1.35000000e+02 -4.71639812e-02  1.35000000e+02 -1.03761026e-02  1.35000000e+02 -1.00000000e+00 
 1.40000000e+02 -4.73479295e-02  1.40000000e+02 -1.04165608e-02  1.40000000e+02 -1.00000000e+00 
 1.45000000e+02 -4.75422679e-02  1.45000000e+02 -1.04593089e-02  1.45000000e+02 -1.00000000e+00 
 1.50000000e+02 -4.77472360e-02  1.50000000e+02 -1.05043980e-02  1.50000000e+02 -1.00000000e+00 
 1.55000000e+02 -4.79630144e-02  1.55000000e+02 -1.05518669e-02  1.55000000e+02 -1.00000000e+00 
 1.60000000e+02 -4.81897323e-02  1.60000000e+02 -1.06017433e-02  1.60000000e+02 -1.00000000e+00 
 1.65000000e+02 -4.84274738e-02  1.65000000e+02 -1.06540456e-02  1.65000000e+02 -1.00000000e+00 
 1.70000000e+02 -4.86762842e-02  1.70000000e+02 -1.07087834e-02  1.70000000e+02 -1.00000000e+00 
 1.75000000e+02 -4.89361754e-02  1.75000000e+02 -1.07659591e-02  1.75000000e+02 -1.00000000e+00 
 1.80000000e+02 -4.92071303e-02  1.80000000e+02 -1.08255690e-02  1.80000000e+02 -1.00000000e+00 
 1.85000000e+02 -4.94891077e-02  1.85000000e+02 -1.08876039e-02  1.85000000e+02 -1.00000000e+00 
 1.90000000e+02 -4.97820457e-02  1.90000000e+02 -1.09520502e-02  1.90000000e+02 -1.00000000e+00 
 1.95000000e+02 -5.00858650e-02  1.95000000e+02 -1.10188904e-02  1.95000000e+02 -1.00000000e+00 
 2.00000000e+02 -5.04004724e-02  2.00000000e+02 -1.10881040e-02  2.00000000e+02 -1.00000000e+00 
 2.05000000e+02 -5.07257629e-02  2.05000000e+02 -1.11596679e-02  2.05000000e+02 -1.00000000e+00 
 2.10000000e+02 -5.10616222e-02  2.10000000e+02 -1.12335569e-02  2.10000000e+02 -1.00000000e+00 
 2.15000000e+02 -5.14079288e-02  2.15000000e+02 -1.13097444e-02  2.15000000e+02 -1.00000000e+00 
 2.20000000e+02 -5.17645556e-02  2.20000000e+02 -1.13882022e-02  2.20000000e+02 -1.00000000e+00 
 2.25000000e+02 -5.21313713e-02  2.25000000e+02 -1.14689017e-02  2.25000000e+02 -1.00000000e+00 
 2.30000000e+02 -5.25082420e-02  2.30000000e+02 -1.15518132e-02  2.30000000e+02 -1.00000000e+00 
 2.35000000e+02 -5.28950319e-02  2.35000000e+02 -1.16369070e-02  2.35000000e+02 -1.00000000e+00 
 2.40000000e+02 -5.32916046e-02  2.40000000e+02 -1.17241530e-02  2.40000000e+02 -1.00000000e+00 
 2.45000000e+02 -5.36978238e-02  2.45000000e+02 -1.18135212e-02  2.45000000e+02 -1.00000000e+00 
 2.50000000e+02 -5.41135539e-02  2.50000000e+02 -1.19049819e-02  2.50000000e+02 -1.00000000e+00 
 2.55000000e+02 -5.45386604e-02  2.55000000e+02 -1.19985053e-02  2.55000000e+02 -1.00000000e+00 
 2.60000000e+02 -5.49730108e-02  2.60000000e+02 -1.20940624e-02  2.60000000e+02 -1.00000000e+00 
 2.65000000e+02 -5.54164745e-02  2.65000000e+02 -1.21916244e-02  2.65000000e+02 -1.00000000e+00 
 2.70000000e+02 -5.58689236e-02  2.70000000e+02 -1.22911632e-02  2.70000000e+02 -1.00000000e+00 
 2.75000000e+02 -5.63302326e-02  2.75000000e+02 -1.23926512e-02  2.75000000e+02 -1.00000000e+00 
 2.80000000e+02 -5.68002791e-02  2.80000000e+02 -1.24960614e-02  2.80000000e+02 -1.00000000e+00 
 2.85000000e+02 -5.72789436e-02  2.85000000e+02 -1.26013676e-02  2.85000000e+02 -1.00000000e+00 
 2.90000000e+02 -5.77661096e-02  2.90000000e+02 -1.27085441e-02  2.90000000e+02 -1.00000000e+00 
 2.95000000e+02 -5.82616641e-02  2.95000000e+02 -1.28175661e-02  2.95000000e+02 -1.00000000e+00 
 3.00000000e+02 -5.87654970e-02  3.00000000e+02 -1.29284093e-02  3.00000000e+02 -1.00000000e+00 
 3.05000000e+02 -5.92775018e-02  3.05000000e+02 -1.30410504e-02  3.05000000e+02 -1.00000000e+00 
 3.10000000e+02 -5.97975748e-02  3.10000000e+02 -1.31554665e-02  3.10000000e+02 -1.00000000e+00 
 3.15000000e+02 -6.03256161e-02  3.15000000e+02 -1.32716355e-02  3.15000000e+02 -1.00000000e+00 
 3.20000000e+02 -6.08615284e-02  3.20000000e+02 -1.33895362e-02  3.20000000e+02 -1.00000000e+00 
 3.25000000e+02 -6.14052179e-02  3.25000000e+02 -1.35091479e-02  3.25000000e+02 -1.00000000e+00 
 3.30000000e+02 -6.19565939e-02  3.30000000e+02 -1.36304507e-02  3.30000000e+02 -1.00000000e+00 
 3.35000000e+02 -6.25155687e-02  3.35000000e+02 -1.37534251e-02  3.35000000e+02 -1.00000000e+00 
 3.40000000e+02 -6.30820573e-02  3.40000000e+02 -1.38780526e-02  3.40000000e+02 -1.00000000e+00 
 3.45000000e+02 -6.36559780e-02  3.45000000e+02 -1.40043152e-02  3.45000000e+02 -1.00000000e+00 
 3.50000000e+02 -6.42372517e-02  3.50000000e+02 -1.41321954e-02  3.50000000e+02 -1.00000000e+00 
 3.55000000e+02 -6.48258021e-02  3.55000000e+02 -1.42616765e-02  3.55000000e+02 -1.00000000e+00 
 3.60000000e+02 -6.54215554e-02  3.60000000e+02 -1.43927422e-02  3.60000000e+02 -1.00000000e+00 
 3.65000000e+02 -6.60244406e-02  3.65000000e+02 -1.45253769e-02  3.65000000e+02 -1.00000000e+00 
 3.70000000e+02 -6.66343890e-02  3.70000000e+02 -1.46595656e-02  3.70000000e+02 -1.00000000e+00 
 3.75000000e+02 -6.72513345e-02  3.75000000e+02 -1.47952936e-02  3.75000000e+02 -1.00000000e+00 
 3.80000000e+02 -6.78752132e-02  3.80000000e+02 -1.49325469e-02  3.80000000e+02 -1.00000000e+00 
 3.85000000e+02 -6.85059635e-02  3.85000000e+02 -1.50713120e-02  3.85000000e+02 -1.00000000e+00 
 3.90000000e+02 -6.91435259e-02  3.90000000e+02 -1.52115757e-02  3.90000000e+02 -1.00000000e+00 
 3.95000000e+02 -6.97878431e-02  3.95000000e+02 -1.53533255e-02  3.95000000e+02 -1.00000000e+00 
 4.00000000e+02 -7.04388598e-02  4.00000000e+02 -1.54965491e-02  4.00000000e+02 -1.00000000e+00 
 4.05000000e+02 -7.10965225e-02  4.05000000e+02 -1.56412350e-02  4.05000000e+02 -1.00000000e+00 
 4.10000000e+02 -7.17607799e-02  4.10000000e+02 -1.57873716e-02  4.10000000e+02 -1.00000000e+00 
 4.15000000e+02 -7.24315822e-02  4.15000000e+02 -1.59349481e-02  4.15000000e+02 -1.00000000e+00 
 4.20000000e+02 -7.31088815e-02  4.20000000e+02 -1.60839539e-02  4.20000000e+02 -1.00000000e+00 
 4.25000000e+02 -7.37926314e-02  4.25000000e+02 -1.62343789e-02  4.25000000e+02 -1.00000000e+00 
 4.30000000e+02 -7.44827874e-02  4.30000000e+02 -1.63862132e-02  4.30000000e+02 -1.00000000e+00 
 4.35000000e+02 -7.51793064e-02  4.35000000e+02 -1.65394474e-02  4.35000000e+02 -1.00000000e+00 
 4.40000000e+02 -7.58821466e-02  4.40000000e+02 -1.66940722e-02  4.40000000e+02 -1.00000000e+00 
 4.45000000e+02 -7.65912680e-02  4.45000000e+02 -1.68500790e-02  4.45000000e+02 -1.00000000e+00 
 4.50000000e+02 -7.73066317e-02  4.50000000e+02 -1.70074590e-02  4.50000000e+02 -1.00000000e+00 
 4.55000000e+02 -7.80282002e-02  4.55000000e+02 -1.71662041e-02  4.55000000e+02 -1.00000000e+00 
 4.60000000e+02 -7.87559375e-02  4.60000000e+02 -1.73263062e-02  4.60000000e+02 -1.00000000e+00 
 4.65000000e+02 -7.94898084e-02  4.65000000e+02 -1.74877579e-02  4.65000000e+02 -1.00000000e+00 
 4.70000000e+02 -8.02297793e-02  4.70000000e+02 -1.76505514e-02  4.70000000e+02 -1.00000000e+00 
 4.75000000e+02 -8.09758175e-02  4.75000000e+02 -1.78146798e-02  4.75000000e+02 -1.00000000e+00 
 4.80000000e+02 -8.17278913e-02  4.80000000e+02 -1.79801361e-02  4.80000000e+02 -1.00000000e+00 
 4.85000000e+02 -8.24859705e-02  4.85000000e+02 -1.81469135e-02  4.85000000e+02 -1.00000000e+00 
 4.90000000e+02 -8.32500254e-02  4.90000000e+02 -1.83150056e-02  4.90000000e+02 -1.00000000e+00 
 4.95000000e+02 -8.40200275e-02  4.95000000e+02 -1.84844060e-02  4.95000000e+02 -1.00000000e+00 
 5.00000000e+02 -8.47959492e-02  5.00000000e+02 -1.86551088e-02  5.00000000e+02 -1.00000000e+00 
 0.00000000e+00 -0.00000000e+00  0.00000000e+00 -5.81395349e-28  0.00000000e+00  0.00000000e+00 
 5.00000000e+00 -1.08031142e-02  5.00000000e+00 -1.07031535e-02  5.00000000e+00  0.00000000e+00 
 1.00000000e+01 -2.94033961e-02  1.00000000e+01 -1.50247930e-02  1.00000000e+01  0.00000000e+00 
 1.50000000e+01 -4.15031855e-02  1.50000000e+01 -1.50909093e-02  1.50000000e+01  0.00000000e+00 
 2.00000000e+01 -4.87573841e-02  2.00000000e+01 -1.45423199e-02  2.00000000e+01  0.00000000e+00 
 2.50000000e+01 -5.31717141e-02  2.50000000e+01 -1.40752304e-02  2.50000000e+01  0.00000000e+00 
 3.00000000e+01 -5.59005863e-02  3.00000000e+01 -1.37626041e-02  3.00000000e+01  0.00000000e+00 
 3.50000000e+01 -5.76242107e-02  3.50000000e+01 -1.35744679e-02  3.50000000e+01  0.00000000e+00 
 4.00000000e+01 -5.87391411e-02  4.00000000e+01 -1.34705697e-02  4.00000000e+01  0.00000000e+00 
 4.50000000e+01 -5.94812250e-02  4.50000000e+01 -1.34199694e-02  4.50000000e+01  0.00000000e+00 
 5.00000000e+01 -5.99925667e-02  5.00000000e+01 -1.34018491e-02  5.00000000e+01  0.00000000e+00 
 5.50000000e+01 -6.03596737e-02  5.50000000e+01 -1.34029724e-02  5.50000000e+01  0.00000000e+00 
 6.00000000e+01 -6.06743980e-02  6.00000000e+01 -1.34106813e-02  6.00000000e+01  0.00000000e+00 
 6.50000000e+01 -6.08784942e-02  6.50000000e+01 -1.34311374e-02  6.50000000e+01  0.00000000e+00 
 7.00000000e+01 -6.10504174e-02  7.00000000e+01 -1.34541089e-02  7.00000000e+01  0.00000000e+00 
 7.50000000e+01 -6.12015446e-02  7.50000000e+01 -1.34783287e-02  7.50000000e+01  0.00000000e+00 
 8.00000000e+01 -6.13393793e-02  8.00000000e+01 -1.35031648e-02  8.00000000e+01  0.00000000e+00 
 8.50000000e+01 -6.14690579e-02  8.50000000e+01 -1.35283591e-02  8.50000000e+01  0.00000000e+00 
 9.00000000e+01 -6.15942323e-02  9.00000000e+01 -1.35538707e-02  9.00000000e+01  0.00000000e+00 
 9.50000000e+01 -6.17176089e-02  9.50000000e+01 -1.35797819e-02  9.50000000e+01  0.00000000e+00 
 1.00000000e+02 -6.18412793e-02  1.00000000e+02 -1.36062410e-02  1.00000000e+02  0.00000000e+00 
 1.05000000e+02 -6.19669223e-02  1.05000000e+02 -1.36334277e-02  1.05000000e+02  0.00000000e+00 
 1.10000000e+02 -6.20959291e-02  1.10000000e+02 -1.36615328e-02  1.10000000e+02  0.00000000e+00 
 1.15000000e+02 -6.22294796e-02  1.15000000e+02 -1.36907459e-02  1.15000000e+02  0.00000000e+00 
 1.20000000e+02 -6.23685912e-02  1.20000000e+02 -1.37212484e-02  1.20000000e+02  0.00000000e+00 
 1.25000000e+02 -6.25141495e-02  1.25000000e+02 -1.37532091e-02  1.25000000e+02  0.00000000e+00 
 1.30000000e+02 -6.26669291e-02  1.30000000e+02 -1.37867829e-02  1.30000000e+02  0.00000000e+00 
 1.35000000e+02 -6.28276072e-02  1.35000000e+02 -1.38221092e-02  1.35000000e+02  0.00000000e+00 
 1.40000000e+02 -6.29967752e-02  1.40000000e+02 -1.38593122e-02  1.40000000e+02  0.00000000e+00 
 1.45000000e+02 -6.31749462e-02  1.45000000e+02 -1.38985013e-02  1.45000000e+02  0.00000000e+00 
 1.50000000e+02 -6.33625627e-02  1.50000000e+02 -1.39397718e-02  1.50000000e+02  0.00000000e+00 
 1.55000000e+02 -6.35600024e-02  1.55000000e+02 -1.39832054e-02  1.55000000e+02  0.00000000e+00 
 1.60000000e+02 -6.37675841e-02  1.60000000e+02 -1.40288715e-02  1.60000000e+02  0.00000000e+00 
 1.65000000e+02 -6.39855730e-02  1.65000000e+02 -1.40768279e-02  1.65000000e+02  0.00000000e+00 
 1.70000000e+02 -6.42141856e-02  1.70000000e+02 -1.41271219e-02  1.70000000e+02  0.00000000e+00 
 1.75000000e+02 -6.44535946e-02  1.75000000e+02 -1.41797915e-02  1.75000000e+02  0.00000000e+00 
 1.80000000e+02 -6.47039327e-02  1.80000000e+02 -1.42348656e-02  1.80000000e+02  0.00000000e+00 
 1.85000000e+02 -6.49652974e-02  1.85000000e+02 -1.42923657e-02  1.85000000e+02  0.00000000e+00 
 1.90000000e+02 -6.52377544e-02  1.90000000e+02 -1.43523061e-02  1.90000000e+02  0.00000000e+00 
 1.95000000e+02 -6.55213413e-02  1.95000000e+02 -1.44146952e-02  1.95000000e+02  0.00000000e+00 
 2.00000000e+02 -6.58160708e-02  2.00000000e+02 -1.44795356e-02  2.00000000e+02  0.00000000e+00 
 2.05000000e+02 -6.61219339e-02  2.05000000e+02 -1.45468255e-02  2.05000000e+02  0.00000000e+00 
 2.10000000e+02 -6.64389024e-02  2.10000000e+02 -1.46165585e-02  2.10000000e+02  0.00000000e+00 
 2.15000000e+02 -6.67669315e-02  2.15000000e+02 -1.46887249e-02  2.15000000e+02  0.00000000e+00 
 2.20000000e+02 -6.71059622e-02  2.20000000e+02 -1.47633117e-02  2.20000000e+02  0.00000000e+00 
 2.25000000e+02 -6.74559233e-02  2.25000000e+02 -1.48403031e-02  2.25000000e+02  0.00000000e+00 
 2.30000000e+02 -6.78167332e-02  2.30000000e+02 -1.49196813e-02  2.30000000e+02  0.00000000e+00 
 2.35000000e+02 -6.81883015e-02  2.35000000e+02 -1.50014263e-02  2.35000000e+02  0.00000000e+00 
 2.40000000e+02 -6.85705306e-02  2.40000000e+02 -1.50855167e-02  2.40000000e+02  0.00000000e+00 
 2.45000000e+02 -6.89633170e-02  2.45000000e+02 -1.51719297e-02  2.45000000e+02  0.00000000e+00 
 2.50000000e+02 -6.93665525e-02  2.50000000e+02 -1.52606416e-02  2.50000000e+02  0.00000000e+00 
 2.55000000e+02 -6.97801252e-02  2.55000000e+02 -1.53516276e-02  2.55000000e+02  0.00000000e+00 
 2.60000000e+02 -7.02039204e-02  2.60000000e+02 -1.54448625e-02  2.60000000e+02  0.00000000e+00 
 2.65000000e+02 -7.06378213e-02  2.65000000e+02 -1.55403207e-02  2.65000000e+02  0.00000000e+00 
 2.70000000e+02 -7.10817100e-02  2.70000000e+02 -1.56379762e-02  2.70000000e+02  0.00000000e+00 
 2.75000000e+02 -7.15354679e-02  2.75000000e+02 -1.57378029e-02  2.75000000e+02  0.00000000e+00 
 2.80000000e+02 -7.19989763e-02  2.80000000e+02 -1.58397748e-02  2.80000000e+02  0.00000000e+00 
 2.85000000e+02 -7.24721166e-02  2.85000000e+02 -1.59438657e-02  2.85000000e+02  0.00000000e+00 
 2.90000000e+02 -7.29547712e-02  2.90000000e+02 -1.60500497e-02  2.90000000e+02  0.00000000e+00 
 2.95000000e+02 -7.34468236e-02  2.95000000e+02 -1.61583012e-02  2.95000000e+02  0.00000000e+00 
 3.00000000e+02 -7.39481583e-02  3.00000000e+02 -1.62685948e-02  3.00000000e+02  0.00000000e+00 
 3.05000000e+02 -7.44586617e-02  3.05000000e+02 -1.63809056e-02  3.05000000e+02  0.00000000e+00 
 3.10000000e+02 -7.49782220e-02  3.10000000e+02 -1.64952088e-02  3.10000000e+02  0.00000000e+00 
 3.15000000e+02 -7.55067292e-02  3.15000000e+02 -1.66114804e-02  3.15000000e+02  0.00000000e+00 
 3.20000000e+02 -7.60440756e-02  3.20000000e+02 -1.67296966e-02  3.20000000e+02  0.00000000e+00 
 3.25000000e+02 -7.65901554e-02  3.25000000e+02 -1.68498342e-02  3.25000000e+02  0.00000000e+00 
 3.30000000e+02 -7.71448653e-02  3.30000000e+02 -1.69718704e-02  3.30000000e+02  0.00000000e+00 
 3.35000000e+02 -7.77081045e-02  3.35000000e+02 -1.70957830e-02  3.35000000e+02  0.00000000e+00 
 3.40000000e+02 -7.82797742e-02  3.40000000e+02 -1.72215503e-02  3.40000000e+02  0.00000000e+00 
 3.45000000e+02 -7.88597784e-02  3.45000000e+02 -1.73491512e-02  3.45000000e+02  0.00000000e+00 
 3.50000000e+02 -7.94480232e-02  3.50000000e+02 -1.74785651e-02  3.50000000e+02  0.00000000e+00 
 3.55000000e+02 -8.00444175e-02  3.55000000e+02 -1.76097718e-02  3.55000000e+02  0.00000000e+00 
 3.60000000e+02 -8.06488723e-02  3.60000000e+02 -1.77427519e-02  3.60000000e+02  0.00000000e+00 
 3.65000000e+02 -8.12613013e-02  3.65000000e+02 -1.78774863e-02  3.65000000e+02  0.00000000e+00 
 3.70000000e+02 -8.18816203e-02  3.70000000e+02 -1.80139565e-02  3.70000000e+02  0.00000000e+00 
 3.75000000e+02 -8.25097477e-02  3.75000000e+02 -1.81521445e-02  3.75000000e+02  0.00000000e+00 
 3.80000000e+02 -8.31456042e-02  3.80000000e+02 -1.82920329e-02  3.80000000e+02  0.00000000e+00 
 3.85000000e+02 -8.37891125e-02  3.85000000e+02 -1.84336048e-02  3.85000000e+02  0.00000000e+00 
 3.90000000e+02 -8.44401980e-02  3.90000000e+02 -1.85768436e-02  3.90000000e+02  0.00000000e+00 
 3.95000000e+02 -8.50987879e-02  3.95000000e+02 -1.87217333e-02  3.95000000e+02  0.00000000e+00 
 4.00000000e+02 -8.57648119e-02  4.00000000e+02 -1.88682586e-02  4.00000000e+02  0.00000000e+00 
 4.05000000e+02 -8.64382014e-02  4.05000000e+02 -1.90164043e-02  4.05000000e+02  0.00000000e+00 
 4.10000000e+02 -8.71188901e-02  4.10000000e+02 -1.91661558e-02  4.10000000e+02  0.00000000e+00 
 4.15000000e+02 -8.78068138e-02  4.15000000e+02 -1.93174990e-02  4.15000000e+02  0.00000000e+00 
 4.20000000e+02 -8.85019099e-02  4.20000000e+02 -1.94704202e-02  4.20000000e+02  0.00000000e+00 
 4.25000000e+02 -8.92041181e-02  4.25000000e+02 -1.96249060e-02  4.25000000e+02  0.00000000e+00 
 4.30000000e+02 -8.99133795e-02  4.30000000e+02 -1.97809435e-02  4.30000000e+02  0.00000000e+00 
 4.35000000e+02 -9.06296374e-02  4.35000000e+02 -1.99385202e-02  4.35000000e+02  0.00000000e+00 
 4.40000000e+02 -9.13528365e-02  4.40000000e+02 -2.00976240e-02  4.40000000e+02  0.00000000e+00 
 4.45000000e+02 -9.20829234e-02  4.45000000e+02 -2.02582432e-02  4.45000000e+02  0.00000000e+00 
 4.50000000e+02 -9.28198463e-02  4.50000000e+02 -2.04203662e-02  4.50000000e+02  0.00000000e+00 
 4.55000000e+02 -9.35635548e-02  4.55000000e+02 -2.05839821e-02  4.55000000e+02  0.00000000e+00 
 4.60000000e+02 -9.43140003e-02  4.60000000e+02 -2.07490801e-02  4.60000000e+02  0.00000000e+00 
 4.65000000e+02 -9.50711355e-02  4.65000000e+02 -2.09156498e-02  4.65000000e+02  0.00000000e+00 
 4.70000000e+02 -9.58349146e-02  4.70000000e+02 -2.10836812e-02  4.70000000e+02  0.00000000e+00 
 4.75000000e+02 -9.66052932e-02  4.75000000e+02 -2.12531645e-02  4.75000000e+02  0.00000000e+00 
 4.80000000e+02 -9.73822282e-02  4.80000000e+02 -2.14240902e-02  4.80000000e+02  0.00000000e+00 
 4.85000000e+02 -9.81656779e-02  4.85000000e+02 -2.15964491e-02  4.85000000e+02  0.00000000e+00 
 4.90000000e+02 -9.89556018e-02  4.90000000e+02 -2.17702324e-02  4.90000000e+02  0.00000000e+00 
 4.95000000e+02 -9.97519605e-02  4.95000000e+02 -2.19454313e-02  4.95000000e+02  0.00000000e+00 
 5.00000000e+02 -1.00554716e-01  5.00000000e+02 -2.21220375e-02  5.00000000e+02  0.00000000e+00 
