 0.00000000e+00 -0.00000000e+00  0.00000000e+00 -4.20168067e-27  0.00000000e+00 -2.50000000e+00 
 5.00000000e+00 -6.46586523e-05  5.00000000e+00 -6.27671954e-05  5.00000000e+00 -2.50000000e+00 
 1.00000000e+01 -1.82614642e-04  1.00000000e+01 -8.96616624e-05  1.00000000e+01 -2.50000000e+00 
 1.50000000e+01 -2.68765680e-04  1.50000000e+01 -9.23501611e-05  1.50000000e+01 -2.50000000e+00 
 2.00000000e+01 -3.29902855e-04  2.00000000e+01 -9.17983795e-05  2.00000000e+01 -2.50000000e+00 
 2.50000000e+01 -3.76638293e-04  2.50000000e+01 -9.21681905e-05  2.50000000e+01 -2.50000000e+00 
 3.00000000e+01 -4.15465627e-04  3.00000000e+01 -9.39774309e-05  3.00000000e+01 -2.50000000e+00 
 3.50000000e+01 -4.50346511e-04  3.50000000e+01 -9.70806703e-05  3.50000000e+01 -2.50000000e+00 
 4.00000000e+01 -4.83626332e-04  4.00000000e+01 -1.01236862e-04  4.00000000e+01 -2.50000000e+00 
 4.50000000e+01 -5.16699410e-04  4.50000000e+01 -1.06242129e-04  4.50000000e+01 -2.50000000e+00 
 5.00000000e+01 -5.50394795e-04  5.00000000e+01 -1.11945803e-04  5.00000000e+01 -2.50000000e+00 
 5.50000000e+01 -5.85203855e-04  5.50000000e+01 -1.18241475e-04  5.50000000e+01 -2.50000000e+00 
 6.00000000e+01 -6.21415312e-04  6.00000000e+01 -1.25055143e-04  6.00000000e+01 -2.50000000e+00 
 6.50000000e+01 -6.59195867e-04  6.50000000e+01 -1.32335450e-04  6.50000000e+01 -2.50000000e+00 
 7.00000000e+01 -6.98638676e-04  7.00000000e+01 -1.40046564e-04  7.00000000e+01 -2.50000000e+00 
 7.50000000e+01 -7.39792683e-04  7.50000000e+01 -1.48163234e-04  7.50000000e+01 -2.50000000e+00 
 8.00000000e+01 -7.82680464e-04  8.00000000e+01 -1.56667417e-04  8.00000000e+01 -2.50000000e+00 
 8.50000000e+01 -8.27309117e-04  8.50000000e+01 -1.65546006e-04  8.50000000e+01 -2.50000000e+00 
 9.00000000e+01 -8.73676906e-04  9.00000000e+01 -1.74789298e-04  9.00000000e+01 -2.50000000e+00 
 9.50000000e+01 -9.20912359e-04  9.50000000e+01 -1.84212342e-04  9.50000000e+01 -2.50000000e+00 
 1.00000000e+02 -9.70734842e-04  1.00000000e+02 -1.94166054e-04  1.00000000e+02 -2.50000000e+00 
 1.05000000e+02 -1.02227848e-03  1.05000000e+02 -2.04467877e-04  1.05000000e+02 -2.50000000e+00 
 1.10000000e+02 -1.07552602e-03  1.10000000e+02 -2.15112971e-04  1.10000000e+02 -2.50000000e+00 
 1.15000000e+02 -1.13046780e-03  1.15000000e+02 -2.26098506e-04  1.15000000e+02 -2.50000000e+00 
 1.20000000e+02 -1.18709484e-03  1.20000000e+02 -2.37422116e-04  1.20000000e+02 -2.50000000e+00 
 1.25000000e+02 -1.24539898e-03  1.25000000e+02 -2.49081798e-04  1.25000000e+02 -2.50000000e+00 
 1.30000000e+02 -1.30537282e-03  1.30000000e+02 -2.61075835e-04  1.30000000e+02 -2.50000000e+00 
 1.35000000e+02 -1.36700966e-03  1.35000000e+02 -2.73402740e-04  1.35000000e+02 -2.50000000e+00 
 1.40000000e+02 -1.43030354e-03  1.40000000e+02 -2.86061219e-04  1.40000000e+02 -2.50000000e+00 
 1.45000000e+02 -1.49524905e-03  1.45000000e+02 -2.99050134e-04  1.45000000e+02 -2.50000000e+00 
 1.50000000e+02 -1.56184139e-03  1.50000000e+02 -3.12368483e-04  1.50000000e+02 -2.50000000e+00 
 1.55000000e+02 -1.63007622e-03  1.55000000e+02 -3.26015374e-04  1.55000000e+02 -2.50000000e+00 
 1.60000000e+02 -1.69994967e-03  1.60000000e+02 -3.39990016e-04  1.60000000e+02 -2.50000000e+00 
 1.65000000e+02 -1.77145823e-03  1.65000000e+02 -3.54291698e-04  1.65000000e+02 -2.50000000e+00 
 1.70000000e+02 -1.84459876e-03  1.70000000e+02 -3.68919785e-04  1.70000000e+02 -2.50000000e+00 
 1.75000000e+02 -1.91936842e-03  1.75000000e+02 -3.83873705e-04  1.75000000e+02 -2.50000000e+00 
 1.80000000e+02 -1.99576464e-03  1.80000000e+02 -3.99152941e-04  1.80000000e+02 -2.50000000e+00 
 1.85000000e+02 -2.07378510e-03  1.85000000e+02 -4.14757028e-04  1.85000000e+02 -2.50000000e+00 
 1.90000000e+02 -2.15342768e-03  1.90000000e+02 -4.30685541e-04  1.90000000e+02 -2.50000000e+00 
 1.95000000e+02 -2.23469047e-03  1.95000000e+02 -4.46938097e-04  1.95000000e+02 -2.50000000e+00 
 2.00000000e+02 -2.31757172e-03  2.00000000e+02 -4.63514346e-04  2.00000000e+02 -2.50000000e+00 
 2.05000000e+02 -2.40206984e-03  2.05000000e+02 -4.80413969e-04  2.05000000e+02 -2.50000000e+00 
 2.10000000e+02 -2.48818336e-03  2.10000000e+02 -4.97636673e-04  2.10000000e+02 -2.50000000e+00 
 2.15000000e+02 -2.57591096e-03  2.15000000e+02 -5.15182193e-04  2.15000000e+02 -2.50000000e+00 
 2.20000000e+02 -2.66525141e-03  2.20000000e+02 -5.33050283e-04  2.20000000e+02 -2.50000000e+00 
 2.25000000e+02 -2.75620359e-03  2.25000000e+02 -5.51240718e-04  2.25000000e+02 -2.50000000e+00 
 2.30000000e+02 -2.84876645e-03  2.30000000e+02 -5.69753290e-04  2.30000000e+02 -2.50000000e+00 
 2.35000000e+02 -2.94293905e-03  2.35000000e+02 -5.88587811e-04  2.35000000e+02 -2.50000000e+00 
 2.40000000e+02 -3.03872051e-03  2.40000000e+02 -6.07744102e-04  2.40000000e+02 -2.50000000e+00 
 2.45000000e+02 -3.13611000e-03  2.45000000e+02 -6.27222001e-04  2.45000000e+02 -2.50000000e+00 
 2.50000000e+02 -3.23510679e-03  2.50000000e+02 -6.47021358e-04  2.50000000e+02 -2.50000000e+00 
 2.55000000e+02 -3.33571016e-03  2.55000000e+02 -6.67142032e-04  2.55000000e+02 -2.50000000e+00 
 2.60000000e+02 -3.43791947e-03  2.60000000e+02 -6.87583894e-04  2.60000000e+02 -2.50000000e+00 
 2.65000000e+02 -3.54173412e-03  2.65000000e+02 -7.08346824e-04  2.65000000e+02 -2.50000000e+00 
 2.70000000e+02 -3.64715355e-03  2.70000000e+02 -7.29430709e-04  2.70000000e+02 -2.50000000e+00 
 2.75000000e+02 -3.75417722e-03  2.75000000e+02 -7.50835445e-04  2.75000000e+02 -2.50000000e+00 
 2.80000000e+02 -3.86280467e-03  2.80000000e+02 -7.72560934e-04  2.80000000e+02 -2.50000000e+00 
 2.85000000e+02 -3.97303542e-03  2.85000000e+02 -7.94607084e-04  2.85000000e+02 -2.50000000e+00 
 2.90000000e+02 -4.08486906e-03  2.90000000e+02 -8.16973812e-04  2.90000000e+02 -2.50000000e+00 
 2.95000000e+02 -4.19830519e-03  2.95000000e+02 -8.39661037e-04  2.95000000e+02 -2.50000000e+00 
 3.00000000e+02 -4.31334342e-03  3.00000000e+02 -8.62668685e-04  3.00000000e+02 -2.50000000e+00 
 3.05000000e+02 -4.42998343e-03  3.05000000e+02 -8.85996685e-04  3.05000000e+02 -2.50000000e+00 
 3.10000000e+02 -4.54822486e-03  3.10000000e+02 -9.09644972e-04  3.10000000e+02 -2.50000000e+00 
 3.15000000e+02 -4.66806742e-03  3.15000000e+02 -9.33613485e-04  3.15000000e+02 -2.50000000e+00 
 3.20000000e+02 -4.78951082e-03  3.20000000e+02 -9.57902164e-04  3.20000000e+02 -2.50000000e+00 
 3.25000000e+02 -4.91255478e-03  3.25000000e+02 -9.82510956e-04  3.25000000e+02 -2.50000000e+00 
 3.30000000e+02 -5.03719904e-03  3.30000000e+02 -1.00743981e-03  3.30000000e+02 -2.50000000e+00 
 3.35000000e+02 -5.16344337e-03  3.35000000e+02 -1.03268867e-03  3.35000000e+02 -2.50000000e+00 
 3.40000000e+02 -5.29128753e-03  3.40000000e+02 -1.05825751e-03  3.40000000e+02 -2.50000000e+00 
 3.45000000e+02 -5.42073130e-03  3.45000000e+02 -1.08414626e-03  3.45000000e+02 -2.50000000e+00 
 3.50000000e+02 -5.55177449e-03  3.50000000e+02 -1.11035490e-03  3.50000000e+02 -2.50000000e+00 
 3.55000000e+02 -5.68441689e-03  3.55000000e+02 -1.13688338e-03  3.55000000e+02 -2.50000000e+00 
 3.60000000e+02 -5.81865833e-03  3.60000000e+02 -1.16373167e-03  3.60000000e+02 -2.50000000e+00 
 3.65000000e+02 -5.95449863e-03  3.65000000e+02 -1.19089973e-03  3.65000000e+02 -2.50000000e+00 
 3.70000000e+02 -6.09193763e-03  3.70000000e+02 -1.21838753e-03  3.70000000e+02 -2.50000000e+00 
 3.75000000e+02 -6.23097517e-03  3.75000000e+02 -1.24619503e-03  3.75000000e+02 -2.50000000e+00 
 3.80000000e+02 -6.37161110e-03  3.80000000e+02 -1.27432222e-03  3.80000000e+02 -2.50000000e+00 
 3.85000000e+02 -6.51384528e-03  3.85000000e+02 -1.30276906e-03  3.85000000e+02 -2.50000000e+00 
 3.90000000e+02 -6.65767758e-03  3.90000000e+02 -1.33153552e-03  3.90000000e+02 -2.50000000e+00 
 3.95000000e+02 -6.80310788e-03  3.95000000e+02 -1.36062158e-03  3.95000000e+02 -2.50000000e+00 
 4.00000000e+02 -6.95013604e-03  4.00000000e+02 -1.39002721e-03  4.00000000e+02 -2.50000000e+00 
 4.05000000e+02 -7.09876196e-03  4.05000000e+02 -1.41975239e-03  4.05000000e+02 -2.50000000e+00 
 4.10000000e+02 -7.24898552e-03  4.10000000e+02 -1.44979710e-03  4.10000000e+02 -2.50000000e+00 
 4.15000000e+02 -7.40080663e-03  4.15000000e+02 -1.48016133e-03  4.15000000e+02 -2.50000000e+00 
 4.20000000e+02 -7.55422517e-03  4.20000000e+02 -1.51084503e-03  4.20000000e+02 -2.50000000e+00 
 4.25000000e+02 -7.70924106e-03  4.25000000e+02 -1.54184821e-03  4.25000000e+02 -2.50000000e+00 
 4.30000000e+02 -7.86585421e-03  4.30000000e+02 -1.57317084e-03  4.30000000e+02 -2.50000000e+00 
 4.35000000e+02 -8.02406452e-03  4.35000000e+02 -1.60481290e-03  4.35000000e+02 -2.50000000e+00 
 4.40000000e+02 -8.18387191e-03  4.40000000e+02 -1.63677438e-03  4.40000000e+02 -2.50000000e+00 
 4.45000000e+02 -8.34527631e-03  4.45000000e+02 -1.66905526e-03  4.45000000e+02 -2.50000000e+00 
 4.50000000e+02 -8.50827764e-03  4.50000000e+02 -1.70165553e-03  4.50000000e+02 -2.50000000e+00 
 4.55000000e+02 -8.67287582e-03  4.55000000e+02 -1.73457516e-03  4.55000000e+02 -2.50000000e+00 
 4.60000000e+02 -8.83907080e-03  4.60000000e+02 -1.76781416e-03  4.60000000e+02 -2.50000000e+00 
 4.65000000e+02 -9.00686249e-03  4.65000000e+02 -1.80137250e-03  4.65000000e+02 -2.50000000e+00 
 4.70000000e+02 -9.17625083e-03  4.70000000e+02 -1.83525017e-03  4.70000000e+02 -2.50000000e+00 
 4.75000000e+02 -9.34723577e-03  4.75000000e+02 -1.86944715e-03  4.75000000e+02 -2.50000000e+00 
 4.80000000e+02 -9.51981724e-03  4.80000000e+02 -1.90396345e-03  4.80000000e+02 -2.50000000e+00 
 4.85000000e+02 -9.69399520e-03  4.85000000e+02 -1.93879904e-03  4.85000000e+02 -2.50000000e+00 
 4.90000000e+02 -9.86976957e-03  4.90000000e+02 -1.97395391e-03  4.90000000e+02 -2.50000000e+00 
 4.95000000e+02 -1.00471403e-02  4.95000000e+02 -2.00942806e-03  4.95000000e+02 -2.50000000e+00 
 5.00000000e+02 -1.02261074e-02  5.00000000e+02 -2.04522148e-03  5.00000000e+02 -2.50000000e+00 
 0.00000000e+00 -0.00000000e+00  0.00000000e+00 -4.20168067e-27  0.00000000e+00 -2.00000000e+00 
 5.00000000e+00 -7.52127131e-04  5.00000000e+00 -7.30125187e-04  5.00000000e+00 -2.00000000e+00 
 1.00000000e+01 -2.06794729e-03  1.00000000e+01 -1.01533804e-03  1.00000000e+01 -2.00000000e+00 
 1.50000000e+01 -2.95278438e-03  1.50000000e+01 -1.01460169e-03  1.50000000e+01 -2.00000000e+00 
 2.00000000e+01 -3.51063045e-03  2.00000000e+01 -9.76863891e-04  2.00000000e+01 -2.00000000e+00 
 2.50000000e+01 -3.87500177e-03  2.50000000e+01 -9.48262319e-04  2.50000000e+01 -2.00000000e+00 
 3.00000000e+01 -4.12351752e-03  3.00000000e+01 -9.32730791e-04  3.00000000e+01 -2.00000000e+00 
 3.50000000e+01 -4.30238075e-03  3.50000000e+01 -9.27459182e-04  3.50000000e+01 -2.00000000e+00 
 4.00000000e+01 -4.43882957e-03  4.00000000e+01 -9.29174336e-04  4.00000000e+01 -2.00000000e+00 
 4.50000000e+01 -4.54928030e-03  4.50000000e+01 -9.35408896e-04  4.50000000e+01 -2.00000000e+00 
 5.00000000e+01 -4.64378748e-03  5.00000000e+01 -9.44508422e-04  5.00000000e+01 -2.00000000e+00 
 5.50000000e+01 -4.73263551e-03  5.50000000e+01 -9.54650497e-04  5.50000000e+01 -2.00000000e+00 
 6.00000000e+01 -4.81002939e-03  6.00000000e+01 -9.67002849e-04  6.00000000e+01 -2.00000000e+00 
 6.50000000e+01 -4.88477460e-03  6.50000000e+01 -9.80029539e-04  6.50000000e+01 -2.00000000e+00 
 7.00000000e+01 -4.95831605e-03  7.00000000e+01 -9.93554919e-04  7.00000000e+01 -2.00000000e+00 
 7.50000000e+01 -5.03161588e-03  7.50000000e+01 -1.00748709e-03  7.50000000e+01 -2.00000000e+00 
 8.00000000e+01 -5.10533840e-03  8.00000000e+01 -1.02178383e-03  8.00000000e+01 -2.00000000e+00 
 8.50000000e+01 -5.17995227e-03  8.50000000e+01 -1.03643114e-03  8.50000000e+01 -2.00000000e+00 
 9.00000000e+01 -5.25579487e-03  9.00000000e+01 -1.05143018e-03  9.00000000e+01 -2.00000000e+00 
 9.50000000e+01 -5.33311330e-03  9.50000000e+01 -1.06678958e-03  9.50000000e+01 -2.00000000e+00 
 1.00000000e+02 -5.41209102e-03  1.00000000e+02 -1.08252095e-03  1.00000000e+02 -2.00000000e+00 
 1.05000000e+02 -5.49286540e-03  1.05000000e+02 -1.09863634e-03  1.05000000e+02 -2.00000000e+00 
 1.10000000e+02 -5.57553970e-03  1.10000000e+02 -1.11514689e-03  1.10000000e+02 -2.00000000e+00 
 1.15000000e+02 -5.66019134e-03  1.15000000e+02 -1.13206225e-03  1.15000000e+02 -2.00000000e+00 
 1.20000000e+02 -5.74687781e-03  1.20000000e+02 -1.14939034e-03  1.20000000e+02 -2.00000000e+00 
 1.25000000e+02 -5.83564103e-03  1.25000000e+02 -1.16713731e-03  1.25000000e+02 -2.00000000e+00 
 1.30000000e+02 -5.92651062e-03  1.30000000e+02 -1.18530773e-03  1.30000000e+02 -2.00000000e+00 
 1.35000000e+02 -6.01950641e-03  1.35000000e+02 -1.20390474e-03  1.35000000e+02 -2.00000000e+00 
 1.40000000e+02 -6.11464044e-03  1.40000000e+02 -1.22293022e-03  1.40000000e+02 -2.00000000e+00 
 1.45000000e+02 -6.21191850e-03  1.45000000e+02 -1.24238501e-03  1.45000000e+02 -2.00000000e+00 
 1.50000000e+02 -6.31134141e-03  1.50000000e+02 -1.26226909e-03  1.50000000e+02 -2.00000000e+00 
 1.55000000e+02 -6.41290603e-03  1.55000000e+02 -1.28258170e-03  1.55000000e+02 -2.00000000e+00 
 1.60000000e+02 -6.51660610e-03  1.60000000e+02 -1.30332153e-03  1.60000000e+02 -2.00000000e+00 
 1.65000000e+02 -6.62243294e-03  1.65000000e+02 -1.32448678e-03  1.65000000e+02 -2.00000000e+00 
 1.70000000e+02 -6.73037599e-03  1.70000000e+02 -1.34607532e-03  1.70000000e+02 -2.00000000e+00 
 1.75000000e+02 -6.84042328e-03  1.75000000e+02 -1.36808473e-03  1.75000000e+02 -2.00000000e+00 
 1.80000000e+02 -6.95256179e-03  1.80000000e+02 -1.39051240e-03  1.80000000e+02 -2.00000000e+00 
 1.85000000e+02 -7.06677777e-03  1.85000000e+02 -1.41335558e-03  1.85000000e+02 -2.00000000e+00 
 1.90000000e+02 -7.18305701e-03  1.90000000e+02 -1.43661142e-03  1.90000000e+02 -2.00000000e+00 
 1.95000000e+02 -7.30138499e-03  1.95000000e+02 -1.46027701e-03  1.95000000e+02 -2.00000000e+00 
 2.00000000e+02 -7.42174710e-03  2.00000000e+02 -1.48434943e-03  2.00000000e+02 -2.00000000e+00 
 2.05000000e+02 -7.54412876e-03  2.05000000e+02 -1.50882575e-03  2.05000000e+02 -2.00000000e+00 
 2.10000000e+02 -7.66851547e-03  2.10000000e+02 -1.53370310e-03  2.10000000e+02 -2.00000000e+00 
 2.15000000e+02 -7.79489298e-03  2.15000000e+02 -1.55897860e-03  2.15000000e+02 -2.00000000e+00 
 2.20000000e+02 -7.92324729e-03  2.20000000e+02 -1.58464946e-03  2.20000000e+02 -2.00000000e+00 
 2.25000000e+02 -8.05356474e-03  2.25000000e+02 -1.61071295e-03  2.25000000e+02 -2.00000000e+00 
 2.30000000e+02 -8.18583199e-03  2.30000000e+02 -1.63716640e-03  2.30000000e+02 -2.00000000e+00 
 2.35000000e+02 -8.32003612e-03  2.35000000e+02 -1.66400722e-03  2.35000000e+02 -2.00000000e+00 
 2.40000000e+02 -8.45616459e-03  2.40000000e+02 -1.69123292e-03  2.40000000e+02 -2.00000000e+00 
 2.45000000e+02 -8.59420528e-03  2.45000000e+02 -1.71884106e-03  2.45000000e+02 -2.00000000e+00 
 2.50000000e+02 -8.73414650e-03  2.50000000e+02 -1.74682930e-03  2.50000000e+02 -2.00000000e+00 
 2.55000000e+02 -8.87597695e-03  2.55000000e+02 -1.77519539e-03  2.55000000e+02 -2.00000000e+00 
 2.60000000e+02 -9.01968578e-03  2.60000000e+02 -1.80393716e-03  2.60000000e+02 -2.00000000e+00 
 2.65000000e+02 -9.16526252e-03  2.65000000e+02 -1.83305250e-03  2.65000000e+02 -2.00000000e+00 
 2.70000000e+02 -9.31269714e-03  2.70000000e+02 -1.86253943e-03  2.70000000e+02 -2.00000000e+00 
 2.75000000e+02 -9.46197997e-03  2.75000000e+02 -1.89239599e-03  2.75000000e+02 -2.00000000e+00 
 2.80000000e+02 -9.61310176e-03  2.80000000e+02 -1.92262035e-03  2.80000000e+02 -2.00000000e+00 
 2.85000000e+02 -9.76605359e-03  2.85000000e+02 -1.95321072e-03  2.85000000e+02 -2.00000000e+00 
 2.90000000e+02 -9.92082695e-03  2.90000000e+02 -1.98416539e-03  2.90000000e+02 -2.00000000e+00 
 2.95000000e+02 -1.00774136e-02  2.95000000e+02 -2.01548273e-03  2.95000000e+02 -2.00000000e+00 
 3.00000000e+02 -1.02358058e-02  3.00000000e+02 -2.04716117e-03  3.00000000e+02 -2.00000000e+00 
 3.05000000e+02 -1.03959960e-02  3.05000000e+02 -2.07919920e-03  3.05000000e+02 -2.00000000e+00 
 3.10000000e+02 -1.05579769e-02  3.10000000e+02 -2.11159538e-03  3.10000000e+02 -2.00000000e+00 
 3.15000000e+02 -1.07217416e-02  3.15000000e+02 -2.14434833e-03  3.15000000e+02 -2.00000000e+00 
 3.20000000e+02 -1.08872836e-02  3.20000000e+02 -2.17745673e-03  3.20000000e+02 -2.00000000e+00 
 3.25000000e+02 -1.10545965e-02  3.25000000e+02 -2.21091930e-03  3.25000000e+02 -2.00000000e+00 
 3.30000000e+02 -1.12236741e-02  3.30000000e+02 -2.24473482e-03  3.30000000e+02 -2.00000000e+00 
 3.35000000e+02 -1.13945107e-02  3.35000000e+02 -2.27890214e-03  3.35000000e+02 -2.00000000e+00 
 3.40000000e+02 -1.15671007e-02  3.40000000e+02 -2.31342013e-03  3.40000000e+02 -2.00000000e+00 
 3.45000000e+02 -1.17414386e-02  3.45000000e+02 -2.34828772e-03  3.45000000e+02 -2.00000000e+00 
 3.50000000e+02 -1.19175194e-02  3.50000000e+02 -2.38350388e-03  3.50000000e+02 -2.00000000e+00 
 3.55000000e+02 -1.20953381e-02  3.55000000e+02 -2.41906762e-03  3.55000000e+02 -2.00000000e+00 
 3.60000000e+02 -1.22748900e-02  3.60000000e+02 -2.45497800e-03  3.60000000e+02 -2.00000000e+00 
 3.65000000e+02 -1.24561706e-02  3.65000000e+02 -2.49123411e-03  3.65000000e+02 -2.00000000e+00 
 3.70000000e+02 -1.26391754e-02  3.70000000e+02 -2.52783508e-03  3.70000000e+02 -2.00000000e+00 
 3.75000000e+02 -1.28239003e-02  3.75000000e+02 -2.56478007e-03  3.75000000e+02 -2.00000000e+00 
 3.80000000e+02 -1.30103414e-02  3.80000000e+02 -2.60206827e-03  3.80000000e+02 -2.00000000e+00 
 3.85000000e+02 -1.31984946e-02  3.85000000e+02 -2.63969892e-03  3.85000000e+02 -2.00000000e+00 
 3.90000000e+02 -1.33883564e-02  3.90000000e+02 -2.67767128e-03  3.90000000e+02 -2.00000000e+00 
 3.95000000e+02 -1.35799232e-02  3.95000000e+02 -2.71598463e-03  3.95000000e+02 -2.00000000e+00 
 4.00000000e+02 -1.37731915e-02  4.00000000e+02 -2.75463830e-03  4.00000000e+02 -2.00000000e+00 
 4.05000000e+02 -1.39681581e-02  4.05000000e+02 -2.79363161e-03  4.05000000e+02 -2.00000000e+00 
 4.10000000e+02 -1.41648197e-02  4.10000000e+02 -2.83296395e-03  4.10000000e+02 -2.00000000e+00 
 4.15000000e+02 -1.43631735e-02  4.15000000e+02 -2.87263470e-03  4.15000000e+02 -2.00000000e+00 
 4.20000000e+02 -1.45632164e-02  4.20000000e+02 -2.91264328e-03  4.20000000e+02 -2.00000000e+00 
 4.25000000e+02 -1.47649456e-02  4.25000000e+02 -2.95298912e-03  4.25000000e+02 -2.00000000e+00 
 4.30000000e+02 -1.49683585e-02  4.30000000e+02 -2.99367169e-03  4.30000000e+02 -2.00000000e+00 
 4.35000000e+02 -1.51734523e-02  4.35000000e+02 -3.03469047e-03  4.35000000e+02 -2.00000000e+00 
 4.40000000e+02 -1.53802247e-02  4.40000000e+02 -3.07604494e-03  4.40000000e+02 -2.00000000e+00 
 4.45000000e+02 -1.55886732e-02  4.45000000e+02 -3.11773464e-03  4.45000000e+02 -2.00000000e+00 
 4.50000000e+02 -1.57987954e-02  4.50000000e+02 -3.15975908e-03  4.50000000e+02 -2.00000000e+00 
 4.55000000e+02 -1.60105892e-02  4.55000000e+02 -3.20211784e-03  4.55000000e+02 -2.00000000e+00 
 4.60000000e+02 -1.62240523e-02  4.60000000e+02 -3.24481046e-03  4.60000000e+02 -2.00000000e+00 
 4.65000000e+02 -1.64391827e-02  4.65000000e+02 -3.28783654e-03  4.65000000e+02 -2.00000000e+00 
 4.70000000e+02 -1.66559783e-02  4.70000000e+02 -3.33119566e-03  4.70000000e+02 -2.00000000e+00 
 4.75000000e+02 -1.68744373e-02  4.75000000e+02 -3.37488746e-03  4.75000000e+02 -2.00000000e+00 
 4.80000000e+02 -1.70945577e-02  4.80000000e+02 -3.41891154e-03  4.80000000e+02 -2.00000000e+00 
 4.85000000e+02 -1.73163378e-02  4.85000000e+02 -3.46326755e-03  4.85000000e+02 -2.00000000e+00 
 4.90000000e+02 -1.75397757e-02  4.90000000e+02 -3.50795515e-03  4.90000000e+02 -2.00000000e+00 
 4.95000000e+02 -1.77648699e-02  4.95000000e+02 -3.55297398e-03  4.95000000e+02 -2.00000000e+00 
 5.00000000e+02 -1.79916187e-02  5.00000000e+02 -3.59832374e-03  5.00000000e+02 -2.00000000e+00 
 0.00000000e+00 -0.00000000e+00  0.00000000e+00 -4.20168067e-27  0.00000000e+00 -1.50000000e+00 
 5.00000000e+00 -2.19106495e-03  5.00000000e+00 -2.12696981e-03  5.00000000e+00 -1.50000000e+00 
 1.00000000e+01 -5.99633652e-03  1.00000000e+01 -2.94413140e-03  1.00000000e+01 -1.50000000e+00 
 1.50000000e+01 -8.51703523e-03  1.50000000e+01 -2.92652534e-03  1.50000000e+01 -1.50000000e+00 
 2.00000000e+01 -1.00710442e-02  2.00000000e+01 -2.80235689e-03  2.00000000e+01 -1.50000000e+00 
 2.50000000e+01 -1.10554900e-02  2.50000000e+01 -2.70541931e-03  2.50000000e+01 -1.50000000e+00 
 3.00000000e+01 -1.17001681e-02  3.00000000e+01 -2.64655286e-03  3.00000000e+01 -1.50000000e+00 
 3.50000000e+01 -1.21412038e-02  3.50000000e+01 -2.61726509e-03  3.50000000e+01 -1.50000000e+00 
 4.00000000e+01 -1.24583906e-02  4.00000000e+01 -2.60789847e-03  4.00000000e+01 -1.50000000e+00 
 4.50000000e+01 -1.26994541e-02  4.50000000e+01 -2.61122233e-03  4.50000000e+01 -1.50000000e+00 
 5.00000000e+01 -1.28933113e-02  5.00000000e+01 -2.62239415e-03  5.00000000e+01 -1.50000000e+00 
 5.50000000e+01 -1.30701400e-02  5.50000000e+01 -2.63634539e-03  5.50000000e+01 -1.50000000e+00 
 6.00000000e+01 -1.32113296e-02  6.00000000e+01 -2.65591793e-03  6.00000000e+01 -1.50000000e+00 
 6.50000000e+01 -1.33424288e-02  6.50000000e+01 -2.67683875e-03  6.50000000e+01 -1.50000000e+00 
 7.00000000e+01 -1.34671005e-02  7.00000000e+01 -2.69853001e-03  7.00000000e+01 -1.50000000e+00 
 7.50000000e+01 -1.35876723e-02  7.50000000e+01 -2.72066000e-03  7.50000000e+01 -1.50000000e+00 
 8.00000000e+01 -1.37056711e-02  8.00000000e+01 -2.74304579e-03  8.00000000e+01 -1.50000000e+00 
 8.50000000e+01 -1.38221233e-02  8.50000000e+01 -2.76559367e-03  8.50000000e+01 -1.50000000e+00 
 9.00000000e+01 -1.39377402e-02  9.00000000e+01 -2.78826291e-03  9.00000000e+01 -1.50000000e+00 
 9.50000000e+01 -1.40530332e-02  9.50000000e+01 -2.81104377e-03  9.50000000e+01 -1.50000000e+00 
 1.00000000e+02 -1.41683844e-02  1.00000000e+02 -2.83394418e-03  1.00000000e+02 -1.50000000e+00 
 1.05000000e+02 -1.42840914e-02  1.05000000e+02 -2.85698172e-03  1.05000000e+02 -1.50000000e+00 
 1.10000000e+02 -1.44003946e-02  1.10000000e+02 -2.88017885e-03  1.10000000e+02 -1.50000000e+00 
 1.15000000e+02 -1.45174945e-02  1.15000000e+02 -2.90356000e-03  1.15000000e+02 -1.50000000e+00 
 1.20000000e+02 -1.46355627e-02  1.20000000e+02 -2.92714990e-03  1.20000000e+02 -1.50000000e+00 
 1.25000000e+02 -1.47547488e-02  1.25000000e+02 -2.95097260e-03  1.25000000e+02 -1.50000000e+00 
 1.30000000e+02 -1.48751848e-02  1.30000000e+02 -2.97505094e-03  1.30000000e+02 -1.50000000e+00 
 1.35000000e+02 -1.49969884e-02  1.35000000e+02 -2.99940623e-03  1.35000000e+02 -1.50000000e+00 
 1.40000000e+02 -1.51202646e-02  1.40000000e+02 -3.02405815e-03  1.40000000e+02 -1.50000000e+00 
 1.45000000e+02 -1.52451075e-02  1.45000000e+02 -3.04902470e-03  1.45000000e+02 -1.50000000e+00 
 1.50000000e+02 -1.53716015e-02  1.50000000e+02 -3.07432225e-03  1.50000000e+02 -1.50000000e+00 
 1.55000000e+02 -1.54998218e-02  1.55000000e+02 -3.09996556e-03  1.55000000e+02 -1.50000000e+00 
 1.60000000e+02 -1.56298357e-02  1.60000000e+02 -3.12596787e-03  1.60000000e+02 -1.50000000e+00 
 1.65000000e+02 -1.57617028e-02  1.65000000e+02 -3.15234100e-03  1.65000000e+02 -1.50000000e+00 
 1.70000000e+02 -1.58954760e-02  1.70000000e+02 -3.17909546e-03  1.70000000e+02 -1.50000000e+00 
 1.75000000e+02 -1.60312017e-02  1.75000000e+02 -3.20624050e-03  1.75000000e+02 -1.50000000e+00 
 1.80000000e+02 -1.61689206e-02  1.80000000e+02 -3.23378422e-03  1.80000000e+02 -1.50000000e+00 
 1.85000000e+02 -1.63086681e-02  1.85000000e+02 -3.26173368e-03  1.85000000e+02 -1.50000000e+00 
 1.90000000e+02 -1.64504747e-02  1.90000000e+02 -3.29009498e-03  1.90000000e+02 -1.50000000e+00 
 1.95000000e+02 -1.65943664e-02  1.95000000e+02 -3.31887331e-03  1.95000000e+02 -1.50000000e+00 
 2.00000000e+02 -1.67403653e-02  2.00000000e+02 -3.34807308e-03  2.00000000e+02 -1.50000000e+00 
 2.05000000e+02 -1.68884898e-02  2.05000000e+02 -3.37769797e-03  2.05000000e+02 -1.50000000e+00 
 2.10000000e+02 -1.70387549e-02  2.10000000e+02 -3.40775098e-03  2.10000000e+02 -1.50000000e+00 
 2.15000000e+02 -1.71911727e-02  2.15000000e+02 -3.43823454e-03  2.15000000e+02 -1.50000000e+00 
 2.20000000e+02 -1.73457525e-02  2.20000000e+02 -3.46915051e-03  2.20000000e+02 -1.50000000e+00 
 2.25000000e+02 -1.75025015e-02  2.25000000e+02 -3.50050030e-03  2.25000000e+02 -1.50000000e+00 
 2.30000000e+02 -1.76614243e-02  2.30000000e+02 -3.53228486e-03  2.30000000e+02 -1.50000000e+00 
 2.35000000e+02 -1.78225239e-02  2.35000000e+02 -3.56450478e-03  2.35000000e+02 -1.50000000e+00 
 2.40000000e+02 -1.79858014e-02  2.40000000e+02 -3.59716028e-03  2.40000000e+02 -1.50000000e+00 
 2.45000000e+02 -1.81512565e-02  2.45000000e+02 -3.63025130e-03  2.45000000e+02 -1.50000000e+00 
 2.50000000e+02 -1.83188875e-02  2.50000000e+02 -3.66377750e-03  2.50000000e+02 -1.50000000e+00 
 2.55000000e+02 -1.84886915e-02  2.55000000e+02 -3.69773829e-03  2.55000000e+02 -1.50000000e+00 
 2.60000000e+02 -1.86606645e-02  2.60000000e+02 -3.73213291e-03  2.60000000e+02 -1.50000000e+00 
 2.65000000e+02 -1.88348019e-02  2.65000000e+02 -3.76696037e-03  2.65000000e+02 -1.50000000e+00 
 2.70000000e+02 -1.90110979e-02  2.70000000e+02 -3.80221957e-03  2.70000000e+02 -1.50000000e+00 
 2.75000000e+02 -1.91895462e-02  2.75000000e+02 -3.83790924e-03  2.75000000e+02 -1.50000000e+00 
 2.80000000e+02 -1.93701401e-02  2.80000000e+02 -3.87402801e-03  2.80000000e+02 -1.50000000e+00 
 2.85000000e+02 -1.95528720e-02  2.85000000e+02 -3.91057441e-03  2.85000000e+02 -1.50000000e+00 
 2.90000000e+02 -1.97377344e-02  2.90000000e+02 -3.94754688e-03  2.90000000e+02 -1.50000000e+00 
 2.95000000e+02 -1.99247190e-02  2.95000000e+02 -3.98494379e-03  2.95000000e+02 -1.50000000e+00 
 3.00000000e+02 -2.01138174e-02  3.00000000e+02 -4.02276348e-03  3.00000000e+02 -1.50000000e+00 
 3.05000000e+02 -2.03050210e-02  3.05000000e+02 -4.06100420e-03  3.05000000e+02 -1.50000000e+00 
 3.10000000e+02 -2.04983211e-02  3.10000000e+02 -4.09966421e-03  3.10000000e+02 -1.50000000e+00 
 3.15000000e+02 -2.06937086e-02  3.15000000e+02 -4.13874172e-03  3.15000000e+02 -1.50000000e+00 
 3.20000000e+02 -2.08911746e-02  3.20000000e+02 -4.17823491e-03  3.20000000e+02 -1.50000000e+00 
 3.25000000e+02 -2.10907099e-02  3.25000000e+02 -4.21814198e-03  3.25000000e+02 -1.50000000e+00 
 3.30000000e+02 -2.12923055e-02  3.30000000e+02 -4.25846111e-03  3.30000000e+02 -1.50000000e+00 
 3.35000000e+02 -2.14959523e-02  3.35000000e+02 -4.29919047e-03  3.35000000e+02 -1.50000000e+00 
 3.40000000e+02 -2.17016413e-02  3.40000000e+02 -4.34032825e-03  3.40000000e+02 -1.50000000e+00 
 3.45000000e+02 -2.19093632e-02  3.45000000e+02 -4.38187265e-03  3.45000000e+02 -1.50000000e+00 
 3.50000000e+02 -2.21191093e-02  3.50000000e+02 -4.42382187e-03  3.50000000e+02 -1.50000000e+00 
 3.55000000e+02 -2.23308707e-02  3.55000000e+02 -4.46617414e-03  3.55000000e+02 -1.50000000e+00 
 3.60000000e+02 -2.25446385e-02  3.60000000e+02 -4.50892770e-03  3.60000000e+02 -1.50000000e+00 
 3.65000000e+02 -2.27604041e-02  3.65000000e+02 -4.55208081e-03  3.65000000e+02 -1.50000000e+00 
 3.70000000e+02 -2.29781589e-02  3.70000000e+02 -4.59563177e-03  3.70000000e+02 -1.50000000e+00 
 3.75000000e+02 -2.31978945e-02  3.75000000e+02 -4.63957889e-03  3.75000000e+02 -1.50000000e+00 
 3.80000000e+02 -2.34196025e-02  3.80000000e+02 -4.68392051e-03  3.80000000e+02 -1.50000000e+00 
 3.85000000e+02 -2.36432750e-02  3.85000000e+02 -4.72865499e-03  3.85000000e+02 -1.50000000e+00 
 3.90000000e+02 -2.38689037e-02  3.90000000e+02 -4.77378074e-03  3.90000000e+02 -1.50000000e+00 
 3.95000000e+02 -2.40964808e-02  3.95000000e+02 -4.81929617e-03  3.95000000e+02 -1.50000000e+00 
 4.00000000e+02 -2.43259987e-02  4.00000000e+02 -4.86519974e-03  4.00000000e+02 -1.50000000e+00 
 4.05000000e+02 -2.45574497e-02  4.05000000e+02 -4.91148995e-03  4.05000000e+02 -1.50000000e+00 
 4.10000000e+02 -2.47908265e-02  4.10000000e+02 -4.95816530e-03  4.10000000e+02 -1.50000000e+00 
 4.15000000e+02 -2.50261217e-02  4.15000000e+02 -5.00522434e-03  4.15000000e+02 -1.50000000e+00 
 4.20000000e+02 -2.52633282e-02  4.20000000e+02 -5.05266564e-03  4.20000000e+02 -1.50000000e+00 
 4.25000000e+02 -2.55024392e-02  4.25000000e+02 -5.10048783e-03  4.25000000e+02 -1.50000000e+00 
 4.30000000e+02 -2.57434477e-02  4.30000000e+02 -5.14868954e-03  4.30000000e+02 -1.50000000e+00 
 4.35000000e+02 -2.59863471e-02  4.35000000e+02 -5.19726943e-03  4.35000000e+02 -1.50000000e+00 
 4.40000000e+02 -2.62311310e-02  4.40000000e+02 -5.24622620e-03  4.40000000e+02 -1.50000000e+00 
 4.45000000e+02 -2.64777930e-02  4.45000000e+02 -5.29555860e-03  4.45000000e+02 -1.50000000e+00 
 4.50000000e+02 -2.67263268e-02  4.50000000e+02 -5.34526536e-03  4.50000000e+02 -1.50000000e+00 
 4.55000000e+02 -2.69767264e-02  4.55000000e+02 -5.39534529e-03  4.55000000e+02 -1.50000000e+00 
 4.60000000e+02 -2.72289860e-02  4.60000000e+02 -5.44579720e-03  4.60000000e+02 -1.50000000e+00 
 4.65000000e+02 -2.74830996e-02  4.65000000e+02 -5.49661992e-03  4.65000000e+02 -1.50000000e+00 
 4.70000000e+02 -2.77390617e-02  4.70000000e+02 -5.54781235e-03  4.70000000e+02 -1.50000000e+00 
 4.75000000e+02 -2.79968668e-02  4.75000000e+02 -5.59937336e-03  4.75000000e+02 -1.50000000e+00 
 4.80000000e+02 -2.82565095e-02  4.80000000e+02 -5.65130190e-03  4.80000000e+02 -1.50000000e+00 
 4.85000000e+02 -2.85179846e-02  4.85000000e+02 -5.70359691e-03  4.85000000e+02 -1.50000000e+00 
 4.90000000e+02 -2.87812869e-02  4.90000000e+02 -5.75625737e-03  4.90000000e+02 -1.50000000e+00 
 4.95000000e+02 -2.90464114e-02  4.95000000e+02 -5.80928228e-03  4.95000000e+02 -1.50000000e+00 
 5.00000000e+02 -2.93133534e-02  5.00000000e+02 -5.86267068e-03  5.00000000e+02 -1.50000000e+00 
 0.00000000e+00 -0.00000000e+00  0.00000000e+00 -4.20168067e-27  0.00000000e+00 -1.00000000e+00 
 5.00000000e+00 -4.38147209e-03  5.00000000e+00 -4.25330107e-03  5.00000000e+00 -1.00000000e+00 
 1.00000000e+01 -1.19677786e-02  1.00000000e+01 -5.87603992e-03  1.00000000e+01 -1.00000000e+00 
 1.50000000e+01 -1.69614264e-02  1.50000000e+01 -5.82808956e-03  1.50000000e+01 -1.00000000e+00 
 2.00000000e+01 -2.00105384e-02  2.00000000e+01 -5.56810884e-03  2.00000000e+01 -1.00000000e+00 
 2.50000000e+01 -2.19160404e-02  2.50000000e+01 -5.36313441e-03  2.50000000e+01 -1.00000000e+00 
 3.00000000e+01 -2.31405077e-02  3.00000000e+01 -5.23433305e-03  3.00000000e+01 -1.00000000e+00 
 3.50000000e+01 -2.39574433e-02  3.50000000e+01 -5.16447802e-03  3.50000000e+01 -1.00000000e+00 
 4.00000000e+01 -2.45268595e-02  4.00000000e+01 -5.13417513e-03  4.00000000e+01 -1.00000000e+00 
 4.50000000e+01 -2.49442682e-02  4.50000000e+01 -5.12896302e-03  4.50000000e+01 -1.00000000e+00 
 5.00000000e+01 -2.52674195e-02  5.00000000e+01 -5.13918663e-03  5.00000000e+01 -1.00000000e+00 
 5.50000000e+01 -2.55565485e-02  5.50000000e+01 -5.15485106e-03  5.50000000e+01 -1.00000000e+00 
 6.00000000e+01 -2.57743291e-02  6.00000000e+01 -5.18144098e-03  6.00000000e+01 -1.00000000e+00 
 6.50000000e+01 -2.59716783e-02  6.50000000e+01 -5.21055936e-03  6.50000000e+01 -1.00000000e+00 
 7.00000000e+01 -2.61557692e-02  7.00000000e+01 -5.24105651e-03  7.00000000e+01 -1.00000000e+00 
 7.50000000e+01 -2.63311161e-02  7.50000000e+01 -5.27226684e-03  7.50000000e+01 -1.00000000e+00 
 8.00000000e+01 -2.65006266e-02  8.00000000e+01 -5.30381337e-03  8.00000000e+01 -1.00000000e+00 
 8.50000000e+01 -2.66662009e-02  8.50000000e+01 -5.33549055e-03  8.50000000e+01 -1.00000000e+00 
 9.00000000e+01 -2.68291031e-02  9.00000000e+01 -5.36719366e-03  9.00000000e+01 -1.00000000e+00 
 9.50000000e+01 -2.69901939e-02  9.50000000e+01 -5.39887648e-03  9.50000000e+01 -1.00000000e+00 
 1.00000000e+02 -2.71500757e-02  1.00000000e+02 -5.43052619e-03  1.00000000e+02 -1.00000000e+00 
 1.05000000e+02 -2.73091838e-02  1.05000000e+02 -5.46214852e-03  1.05000000e+02 -1.00000000e+00 
 1.10000000e+02 -2.74678449e-02  1.10000000e+02 -5.49375917e-03  1.10000000e+02 -1.00000000e+00 
 1.15000000e+02 -2.76263141e-02  1.15000000e+02 -5.52537884e-03  1.15000000e+02 -1.00000000e+00 
 1.20000000e+02 -2.77847984e-02  1.20000000e+02 -5.55703045e-03  1.20000000e+02 -1.00000000e+00 
 1.25000000e+02 -2.79434721e-02  1.25000000e+02 -5.58873759e-03  1.25000000e+02 -1.00000000e+00 
 1.30000000e+02 -2.81024868e-02  1.30000000e+02 -5.62052369e-03  1.30000000e+02 -1.00000000e+00 
 1.35000000e+02 -2.82619777e-02  1.35000000e+02 -5.65241161e-03  1.35000000e+02 -1.00000000e+00 
 1.40000000e+02 -2.84220680e-02  1.40000000e+02 -5.68442340e-03  1.40000000e+02 -1.00000000e+00 
 1.45000000e+02 -2.85828714e-02  1.45000000e+02 -5.71658026e-03  1.45000000e+02 -1.00000000e+00 
 1.50000000e+02 -2.87444941e-02  1.50000000e+02 -5.74890247e-03  1.50000000e+02 -1.00000000e+00 
 1.55000000e+02 -2.89070360e-02  1.55000000e+02 -5.78140942e-03  1.55000000e+02 -1.00000000e+00 
 1.60000000e+02 -2.90705911e-02  1.60000000e+02 -5.81411958e-03  1.60000000e+02 -1.00000000e+00 
 1.65000000e+02 -2.92352486e-02  1.65000000e+02 -5.84705056e-03  1.65000000e+02 -1.00000000e+00 
 1.70000000e+02 -2.94010929e-02  1.70000000e+02 -5.88021909e-03  1.70000000e+02 -1.00000000e+00 
 1.75000000e+02 -2.95682037e-02  1.75000000e+02 -5.91364105e-03  1.75000000e+02 -1.00000000e+00 
 1.80000000e+02 -2.97366565e-02  1.80000000e+02 -5.94733150e-03  1.80000000e+02 -1.00000000e+00 
 1.85000000e+02 -2.99065226e-02  1.85000000e+02 -5.98130464e-03  1.85000000e+02 -1.00000000e+00 
 1.90000000e+02 -3.00778691e-02  1.90000000e+02 -6.01557389e-03  1.90000000e+02 -1.00000000e+00 
 1.95000000e+02 -3.02507592e-02  1.95000000e+02 -6.05015188e-03  1.95000000e+02 -1.00000000e+00 
 2.00000000e+02 -3.04252521e-02  2.00000000e+02 -6.08505044e-03  2.00000000e+02 -1.00000000e+00 
 2.05000000e+02 -3.06014033e-02  2.05000000e+02 -6.12028068e-03  2.05000000e+02 -1.00000000e+00 
 2.10000000e+02 -3.07792647e-02  2.10000000e+02 -6.15585296e-03  2.10000000e+02 -1.00000000e+00 
 2.15000000e+02 -3.09588846e-02  2.15000000e+02 -6.19177693e-03  2.15000000e+02 -1.00000000e+00 
 2.20000000e+02 -3.11403079e-02  2.20000000e+02 -6.22806158e-03  2.20000000e+02 -1.00000000e+00 
 2.25000000e+02 -3.13235760e-02  2.25000000e+02 -6.26471520e-03  2.25000000e+02 -1.00000000e+00 
 2.30000000e+02 -3.15087274e-02  2.30000000e+02 -6.30174548e-03  2.30000000e+02 -1.00000000e+00 
 2.35000000e+02 -3.16957974e-02  2.35000000e+02 -6.33915949e-03  2.35000000e+02 -1.00000000e+00 
 2.40000000e+02 -3.18848187e-02  2.40000000e+02 -6.37696373e-03  2.40000000e+02 -1.00000000e+00 
 2.45000000e+02 -3.20758208e-02  2.45000000e+02 -6.41516415e-03  2.45000000e+02 -1.00000000e+00 
 2.50000000e+02 -3.22688308e-02  2.50000000e+02 -6.45376617e-03  2.50000000e+02 -1.00000000e+00 
 2.55000000e+02 -3.24638735e-02  2.55000000e+02 -6.49277471e-03  2.55000000e+02 -1.00000000e+00 
 2.60000000e+02 -3.26609711e-02  2.60000000e+02 -6.53219422e-03  2.60000000e+02 -1.00000000e+00 
 2.65000000e+02 -3.28601437e-02  2.65000000e+02 -6.57202873e-03  2.65000000e+02 -1.00000000e+00 
 2.70000000e+02 -3.30614091e-02  2.70000000e+02 -6.61228182e-03  2.70000000e+02 -1.00000000e+00 
 2.75000000e+02 -3.32647835e-02  2.75000000e+02 -6.65295670e-03  2.75000000e+02 -1.00000000e+00 
 2.80000000e+02 -3.34702810e-02  2.80000000e+02 -6.69405620e-03  2.80000000e+02 -1.00000000e+00 
 2.85000000e+02 -3.36779141e-02  2.85000000e+02 -6.73558282e-03  2.85000000e+02 -1.00000000e+00 
 2.90000000e+02 -3.38876935e-02  2.90000000e+02 -6.77753870e-03  2.90000000e+02 -1.00000000e+00 
 2.95000000e+02 -3.40996286e-02  2.95000000e+02 -6.81992573e-03  2.95000000e+02 -1.00000000e+00 
 3.00000000e+02 -3.43137274e-02  3.00000000e+02 -6.86274548e-03  3.00000000e+02 -1.00000000e+00 
 3.05000000e+02 -3.45299964e-02  3.05000000e+02 -6.90599927e-03  3.05000000e+02 -1.00000000e+00 
 3.10000000e+02 -3.47484409e-02  3.10000000e+02 -6.94968819e-03  3.10000000e+02 -1.00000000e+00 
 3.15000000e+02 -3.49690654e-02  3.15000000e+02 -6.99381308e-03  3.15000000e+02 -1.00000000e+00 
 3.20000000e+02 -3.51918729e-02  3.20000000e+02 -7.03837459e-03  3.20000000e+02 -1.00000000e+00 
 3.25000000e+02 -3.54168658e-02  3.25000000e+02 -7.08337317e-03  3.25000000e+02 -1.00000000e+00 
 3.30000000e+02 -3.56440455e-02  3.30000000e+02 -7.12880909e-03  3.30000000e+02 -1.00000000e+00 
 3.35000000e+02 -3.58734124e-02  3.35000000e+02 -7.17468247e-03  3.35000000e+02 -1.00000000e+00 
 3.40000000e+02 -3.61049663e-02  3.40000000e+02 -7.22099326e-03  3.40000000e+02 -1.00000000e+00 
 3.45000000e+02 -3.63387064e-02  3.45000000e+02 -7.26774129e-03  3.45000000e+02 -1.00000000e+00 
 3.50000000e+02 -3.65746312e-02  3.50000000e+02 -7.31492624e-03  3.50000000e+02 -1.00000000e+00 
 3.55000000e+02 -3.68127384e-02  3.55000000e+02 -7.36254768e-03  3.55000000e+02 -1.00000000e+00 
 3.60000000e+02 -3.70530255e-02  3.60000000e+02 -7.41060511e-03  3.60000000e+02 -1.00000000e+00 
 3.65000000e+02 -3.72954894e-02  3.65000000e+02 -7.45909787e-03  3.65000000e+02 -1.00000000e+00 
 3.70000000e+02 -3.75401264e-02  3.70000000e+02 -7.50802528e-03  3.70000000e+02 -1.00000000e+00 
 3.75000000e+02 -3.77869326e-02  3.75000000e+02 -7.55738652e-03  3.75000000e+02 -1.00000000e+00 
 3.80000000e+02 -3.80359037e-02  3.80000000e+02 -7.60718074e-03  3.80000000e+02 -1.00000000e+00 
 3.85000000e+02 -3.82870351e-02  3.85000000e+02 -7.65740702e-03  3.85000000e+02 -1.00000000e+00 
 3.90000000e+02 -3.85403218e-02  3.90000000e+02 -7.70806436e-03  3.90000000e+02 -1.00000000e+00 
 3.95000000e+02 -3.87957587e-02  3.95000000e+02 -7.75915173e-03  3.95000000e+02 -1.00000000e+00 
 4.00000000e+02 -3.90533402e-02  4.00000000e+02 -7.81066805e-03  4.00000000e+02 -1.00000000e+00 
 4.05000000e+02 -3.93130610e-02  4.05000000e+02 -7.86261219e-03  4.05000000e+02 -1.00000000e+00 
 4.10000000e+02 -3.95749150e-02  4.10000000e+02 -7.91498301e-03  4.10000000e+02 -1.00000000e+00 
 4.15000000e+02 -3.98388965e-02  4.15000000e+02 -7.96777930e-03  4.15000000e+02 -1.00000000e+00 
 4.20000000e+02 -4.01049993e-02  4.20000000e+02 -8.02099986e-03  4.20000000e+02 -1.00000000e+00 
 4.25000000e+02 -4.03732172e-02  4.25000000e+02 -8.07464344e-03  4.25000000e+02 -1.00000000e+00 
 4.30000000e+02 -4.06435440e-02  4.30000000e+02 -8.12870880e-03  4.30000000e+02 -1.00000000e+00 
 4.35000000e+02 -4.09159733e-02  4.35000000e+02 -8.18319466e-03  4.35000000e+02 -1.00000000e+00 
 4.40000000e+02 -4.11904987e-02  4.40000000e+02 -8.23809974e-03  4.40000000e+02 -1.00000000e+00 
 4.45000000e+02 -4.14671137e-02  4.45000000e+02 -8.29342275e-03  4.45000000e+02 -1.00000000e+00 
 4.50000000e+02 -4.17458119e-02  4.50000000e+02 -8.34916237e-03  4.50000000e+02 -1.00000000e+00 
 4.55000000e+02 -4.20265866e-02  4.55000000e+02 -8.40531732e-03  4.55000000e+02 -1.00000000e+00 
 4.60000000e+02 -4.23094314e-02  4.60000000e+02 -8.46188628e-03  4.60000000e+02 -1.00000000e+00 
 4.65000000e+02 -4.25943397e-02  4.65000000e+02 -8.51886793e-03  4.65000000e+02 -1.00000000e+00 
 4.70000000e+02 -4.28813049e-02  4.70000000e+02 -8.57626099e-03  4.70000000e+02 -1.00000000e+00 
 4.75000000e+02 -4.31703207e-02  4.75000000e+02 -8.63406413e-03  4.75000000e+02 -1.00000000e+00 
 4.80000000e+02 -4.34613804e-02  4.80000000e+02 -8.69227607e-03  4.80000000e+02 -1.00000000e+00 
 4.85000000e+02 -4.37544775e-02  4.85000000e+02 -8.75089551e-03  4.85000000e+02 -1.00000000e+00 
 4.90000000e+02 -4.40496058e-02  4.90000000e+02 -8.80992115e-03  4.90000000e+02 -1.00000000e+00 
 4.95000000e+02 -4.43467587e-02  4.95000000e+02 -8.86935173e-03  4.95000000e+02 -1.00000000e+00 
 5.00000000e+02 -4.46459299e-02  5.00000000e+02 -8.92918598e-03  5.00000000e+02 -1.00000000e+00 
 0.00000000e+00 -0.00000000e+00  0.00000000e+00 -4.20168067e-27  0.00000000e+00 -5.00000000e-01 
 5.00000000e+00 -7.32334856e-03  5.00000000e+00 -7.10911895e-03  5.00000000e+00 -5.00000000e-01 
 1.00000000e+01 -1.99822736e-02  1.00000000e+01 -9.81106362e-03  1.00000000e+01 -5.00000000e-01 
 1.50000000e+01 -2.82859578e-02  1.50000000e+01 -9.71929435e-03  1.50000000e+01 -5.00000000e-01 
 2.00000000e+01 -3.33291132e-02  2.00000000e+01 -9.27411975e-03  2.00000000e+01 -5.00000000e-01 
 2.50000000e+01 -3.64566526e-02  2.50000000e+01 -8.92140752e-03  2.50000000e+01 -5.00000000e-01 
 3.00000000e+01 -3.84445320e-02  3.00000000e+01 -8.69607041e-03  3.00000000e+01 -5.00000000e-01 
 3.50000000e+01 -3.97510737e-02  3.50000000e+01 -8.56909243e-03  3.50000000e+01 -5.00000000e-01 
 4.00000000e+01 -4.06441363e-02  4.00000000e+01 -8.50798340e-03  4.00000000e+01 -5.00000000e-01 
 4.50000000e+01 -4.12834311e-02  4.50000000e+01 -8.48857097e-03  4.50000000e+01 -5.00000000e-01 
 5.00000000e+01 -4.17654190e-02  5.00000000e+01 -8.49474489e-03  5.00000000e+01 -5.00000000e-01 
 5.50000000e+01 -4.21906264e-02  5.50000000e+01 -8.50991757e-03  5.50000000e+01 -5.00000000e-01 
 6.00000000e+01 -4.24967028e-02  6.00000000e+01 -8.54310352e-03  6.00000000e+01 -5.00000000e-01 
 6.50000000e+01 -4.27685778e-02  6.50000000e+01 -8.58039888e-03  6.50000000e+01 -5.00000000e-01 
 7.00000000e+01 -4.30181580e-02  7.00000000e+01 -8.61989847e-03  7.00000000e+01 -5.00000000e-01 
 7.50000000e+01 -4.32529338e-02  7.50000000e+01 -8.66050223e-03  7.50000000e+01 -5.00000000e-01 
 8.00000000e+01 -4.34777189e-02  8.00000000e+01 -8.70158714e-03  8.00000000e+01 -5.00000000e-01 
 8.50000000e+01 -4.36956468e-02  8.50000000e+01 -8.74281239e-03  8.50000000e+01 -5.00000000e-01 
 9.00000000e+01 -4.39087880e-02  9.00000000e+01 -8.78400202e-03  9.00000000e+01 -5.00000000e-01 
 9.50000000e+01 -4.41185356e-02  9.50000000e+01 -8.82507479e-03  9.50000000e+01 -5.00000000e-01 
 1.00000000e+02 -4.43258461e-02  1.00000000e+02 -8.86600258e-03  1.00000000e+02 -5.00000000e-01 
 1.05000000e+02 -4.45313916e-02  1.05000000e+02 -8.90678609e-03  1.05000000e+02 -5.00000000e-01 
 1.10000000e+02 -4.47356570e-02  1.10000000e+02 -8.94744076e-03  1.10000000e+02 -5.00000000e-01 
 1.15000000e+02 -4.49390020e-02  1.15000000e+02 -8.98798889e-03  1.15000000e+02 -5.00000000e-01 
 1.20000000e+02 -4.51417020e-02  1.20000000e+02 -9.02845524e-03  1.20000000e+02 -5.00000000e-01 
 1.25000000e+02 -4.53439743e-02  1.25000000e+02 -9.06886482e-03  1.25000000e+02 -5.00000000e-01 
 1.30000000e+02 -4.55459959e-02  1.30000000e+02 -9.10924181e-03  1.30000000e+02 -5.00000000e-01 
 1.35000000e+02 -4.57479155e-02  1.35000000e+02 -9.14960907e-03  1.35000000e+02 -5.00000000e-01 
 1.40000000e+02 -4.59498615e-02  1.40000000e+02 -9.18998813e-03  1.40000000e+02 -5.00000000e-01 
 1.45000000e+02 -4.61519477e-02  1.45000000e+02 -9.23039918e-03  1.45000000e+02 -5.00000000e-01 
 1.50000000e+02 -4.63542771e-02  1.50000000e+02 -9.27086129e-03  1.50000000e+02 -5.00000000e-01 
 1.55000000e+02 -4.65569447e-02  1.55000000e+02 -9.31139252e-03  1.55000000e+02 -5.00000000e-01 
 1.60000000e+02 -4.67600394e-02  1.60000000e+02 -9.35201007e-03  1.60000000e+02 -5.00000000e-01 
 1.65000000e+02 -4.69636455e-02  1.65000000e+02 -9.39273042e-03  1.65000000e+02 -5.00000000e-01 
 1.70000000e+02 -4.71678432e-02  1.70000000e+02 -9.43356946e-03  1.70000000e+02 -5.00000000e-01 
 1.75000000e+02 -4.73727099e-02  1.75000000e+02 -9.47454248e-03  1.75000000e+02 -5.00000000e-01 
 1.80000000e+02 -4.75783202e-02  1.80000000e+02 -9.51566433e-03  1.80000000e+02 -5.00000000e-01 
 1.85000000e+02 -4.77847461e-02  1.85000000e+02 -9.55694941e-03  1.85000000e+02 -5.00000000e-01 
 1.90000000e+02 -4.79920578e-02  1.90000000e+02 -9.59841168e-03  1.90000000e+02 -5.00000000e-01 
 1.95000000e+02 -4.82003232e-02  1.95000000e+02 -9.64006471e-03  1.95000000e+02 -5.00000000e-01 
 2.00000000e+02 -4.84096083e-02  2.00000000e+02 -9.68192170e-03  2.00000000e+02 -5.00000000e-01 
 2.05000000e+02 -4.86199770e-02  2.05000000e+02 -9.72399543e-03  2.05000000e+02 -5.00000000e-01 
 2.10000000e+02 -4.88314915e-02  2.10000000e+02 -9.76629831e-03  2.10000000e+02 -5.00000000e-01 
 2.15000000e+02 -4.90442117e-02  2.15000000e+02 -9.80884234e-03  2.15000000e+02 -5.00000000e-01 
 2.20000000e+02 -4.92581957e-02  2.20000000e+02 -9.85163915e-03  2.20000000e+02 -5.00000000e-01 
 2.25000000e+02 -4.94734998e-02  2.25000000e+02 -9.89469996e-03  2.25000000e+02 -5.00000000e-01 
 2.30000000e+02 -4.96901778e-02  2.30000000e+02 -9.93803556e-03  2.30000000e+02 -5.00000000e-01 
 2.35000000e+02 -4.99082819e-02  2.35000000e+02 -9.98165638e-03  2.35000000e+02 -5.00000000e-01 
 2.40000000e+02 -5.01278620e-02  2.40000000e+02 -1.00255724e-02  2.40000000e+02 -5.00000000e-01 
 2.45000000e+02 -5.03489661e-02  2.45000000e+02 -1.00697932e-02  2.45000000e+02 -5.00000000e-01 
 2.50000000e+02 -5.05716401e-02  2.50000000e+02 -1.01143280e-02  2.50000000e+02 -5.00000000e-01 
 2.55000000e+02 -5.07959277e-02  2.55000000e+02 -1.01591855e-02  2.55000000e+02 -5.00000000e-01 
 2.60000000e+02 -5.10218709e-02  2.60000000e+02 -1.02043742e-02  2.60000000e+02 -5.00000000e-01 
 2.65000000e+02 -5.12495095e-02  2.65000000e+02 -1.02499019e-02  2.65000000e+02 -5.00000000e-01 
 2.70000000e+02 -5.14788814e-02  2.70000000e+02 -1.02957763e-02  2.70000000e+02 -5.00000000e-01 
 2.75000000e+02 -5.17100224e-02  2.75000000e+02 -1.03420045e-02  2.75000000e+02 -5.00000000e-01 
 2.80000000e+02 -5.19429665e-02  2.80000000e+02 -1.03885933e-02  2.80000000e+02 -5.00000000e-01 
 2.85000000e+02 -5.21777460e-02  2.85000000e+02 -1.04355492e-02  2.85000000e+02 -5.00000000e-01 
 2.90000000e+02 -5.24143912e-02  2.90000000e+02 -1.04828782e-02  2.90000000e+02 -5.00000000e-01 
 2.95000000e+02 -5.26529305e-02  2.95000000e+02 -1.05305861e-02  2.95000000e+02 -5.00000000e-01 
 3.00000000e+02 -5.28933910e-02  3.00000000e+02 -1.05786782e-02  3.00000000e+02 -5.00000000e-01 
 3.05000000e+02 -5.31357977e-02  3.05000000e+02 -1.06271595e-02  3.05000000e+02 -5.00000000e-01 
 3.10000000e+02 -5.33801743e-02  3.10000000e+02 -1.06760349e-02  3.10000000e+02 -5.00000000e-01 
 3.15000000e+02 -5.36265427e-02  3.15000000e+02 -1.07253085e-02  3.15000000e+02 -5.00000000e-01 
 3.20000000e+02 -5.38749235e-02  3.20000000e+02 -1.07749847e-02  3.20000000e+02 -5.00000000e-01 
 3.25000000e+02 -5.41253357e-02  3.25000000e+02 -1.08250671e-02  3.25000000e+02 -5.00000000e-01 
 3.30000000e+02 -5.43777971e-02  3.30000000e+02 -1.08755594e-02  3.30000000e+02 -5.00000000e-01 
 3.35000000e+02 -5.46323240e-02  3.35000000e+02 -1.09264648e-02  3.35000000e+02 -5.00000000e-01 
 3.40000000e+02 -5.48889314e-02  3.40000000e+02 -1.09777863e-02  3.40000000e+02 -5.00000000e-01 
 3.45000000e+02 -5.51476332e-02  3.45000000e+02 -1.10295266e-02  3.45000000e+02 -5.00000000e-01 
 3.50000000e+02 -5.54084422e-02  3.50000000e+02 -1.10816884e-02  3.50000000e+02 -5.00000000e-01 
 3.55000000e+02 -5.56713699e-02  3.55000000e+02 -1.11342740e-02  3.55000000e+02 -5.00000000e-01 
 3.60000000e+02 -5.59364268e-02  3.60000000e+02 -1.11872854e-02  3.60000000e+02 -5.00000000e-01 
 3.65000000e+02 -5.62036225e-02  3.65000000e+02 -1.12407245e-02  3.65000000e+02 -5.00000000e-01 
 3.70000000e+02 -5.64729654e-02  3.70000000e+02 -1.12945931e-02  3.70000000e+02 -5.00000000e-01 
 3.75000000e+02 -5.67444633e-02  3.75000000e+02 -1.13488927e-02  3.75000000e+02 -5.00000000e-01 
 3.80000000e+02 -5.70181229e-02  3.80000000e+02 -1.14036246e-02  3.80000000e+02 -5.00000000e-01 
 3.85000000e+02 -5.72939502e-02  3.85000000e+02 -1.14587900e-02  3.85000000e+02 -5.00000000e-01 
 3.90000000e+02 -5.75719504e-02  3.90000000e+02 -1.15143901e-02  3.90000000e+02 -5.00000000e-01 
 3.95000000e+02 -5.78521279e-02  3.95000000e+02 -1.15704256e-02  3.95000000e+02 -5.00000000e-01 
 4.00000000e+02 -5.81344864e-02  4.00000000e+02 -1.16268973e-02  4.00000000e+02 -5.00000000e-01 
 4.05000000e+02 -5.84190291e-02  4.05000000e+02 -1.16838058e-02  4.05000000e+02 -5.00000000e-01 
 4.10000000e+02 -5.87057585e-02  4.10000000e+02 -1.17411517e-02  4.10000000e+02 -5.00000000e-01 
 4.15000000e+02 -5.89946764e-02  4.15000000e+02 -1.17989353e-02  4.15000000e+02 -5.00000000e-01 
 4.20000000e+02 -5.92857842e-02  4.20000000e+02 -1.18571568e-02  4.20000000e+02 -5.00000000e-01 
 4.25000000e+02 -5.95790828e-02  4.25000000e+02 -1.19158166e-02  4.25000000e+02 -5.00000000e-01 
 4.30000000e+02 -5.98745725e-02  4.30000000e+02 -1.19749145e-02  4.30000000e+02 -5.00000000e-01 
 4.35000000e+02 -6.01722533e-02  4.35000000e+02 -1.20344507e-02  4.35000000e+02 -5.00000000e-01 
 4.40000000e+02 -6.04721246e-02  4.40000000e+02 -1.20944249e-02  4.40000000e+02 -5.00000000e-01 
 4.45000000e+02 -6.07741855e-02  4.45000000e+02 -1.21548371e-02  4.45000000e+02 -5.00000000e-01 
 4.50000000e+02 -6.10784347e-02  4.50000000e+02 -1.22156869e-02  4.50000000e+02 -5.00000000e-01 
 4.55000000e+02 -6.13848706e-02  4.55000000e+02 -1.22769741e-02  4.55000000e+02 -5.00000000e-01 
 4.60000000e+02 -6.16934913e-02  4.60000000e+02 -1.23386983e-02  4.60000000e+02 -5.00000000e-01 
 4.65000000e+02 -6.20042945e-02  4.65000000e+02 -1.24008589e-02  4.65000000e+02 -5.00000000e-01 
 4.70000000e+02 -6.23172776e-02  4.70000000e+02 -1.24634555e-02  4.70000000e+02 -5.00000000e-01 
 4.75000000e+02 -6.26324380e-02  4.75000000e+02 -1.25264876e-02  4.75000000e+02 -5.00000000e-01 
 4.80000000e+02 -6.29497725e-02  4.80000000e+02 -1.25899545e-02  4.80000000e+02 -5.00000000e-01 
 4.85000000e+02 -6.32692779e-02  4.85000000e+02 -1.26538556e-02  4.85000000e+02 -5.00000000e-01 
 4.90000000e+02 -6.35909508e-02  4.90000000e+02 -1.27181902e-02  4.90000000e+02 -5.00000000e-01 
 4.95000000e+02 -6.39147875e-02  4.95000000e+02 -1.27829575e-02  4.95000000e+02 -5.00000000e-01 
 5.00000000e+02 -6.42407843e-02  5.00000000e+02 -1.28481569e-02  5.00000000e+02 -5.00000000e-01 
 0.00000000e+00 -0.00000000e+00  0.00000000e+00 -4.20168067e-27  0.00000000e+00  0.00000000e+00 
 5.00000000e+00 -1.10166944e-02  5.00000000e+00 -1.06944235e-02  5.00000000e+00  0.00000000e+00 
 1.00000000e+01 -3.00398215e-02  1.00000000e+01 -1.47492025e-02  1.00000000e+01  0.00000000e+00 
 1.50000000e+01 -4.24906295e-02  1.50000000e+01 -1.46001397e-02  1.50000000e+01  0.00000000e+00 
 2.00000000e+01 -5.00267685e-02  2.00000000e+01 -1.39203896e-02  2.00000000e+01  0.00000000e+00 
 2.50000000e+01 -5.46773264e-02  2.50000000e+01 -1.33802386e-02  2.50000000e+01  0.00000000e+00 
 3.00000000e+01 -5.76122408e-02  3.00000000e+01 -1.30317649e-02  3.00000000e+01  0.00000000e+00 
 3.50000000e+01 -5.95220949e-02  3.50000000e+01 -1.28311083e-02  3.50000000e+01  0.00000000e+00 
 4.00000000e+01 -6.08102206e-02  4.00000000e+01 -1.27293232e-02  4.00000000e+01  0.00000000e+00 
 4.50000000e+01 -6.17169406e-02  4.50000000e+01 -1.26900458e-02  4.50000000e+01  0.00000000e+00 
 5.00000000e+01 -6.23873017e-02  5.00000000e+01 -1.26890673e-02  5.00000000e+01  0.00000000e+00 
 5.50000000e+01 -6.29723554e-02  5.50000000e+01 -1.27015412e-02  5.50000000e+01  0.00000000e+00 
 6.00000000e+01 -6.33783981e-02  6.00000000e+01 -1.27408949e-02  6.00000000e+01  0.00000000e+00 
 6.50000000e+01 -6.37329994e-02  6.50000000e+01 -1.27863316e-02  6.50000000e+01  0.00000000e+00 
 7.00000000e+01 -6.40539965e-02  7.00000000e+01 -1.28350017e-02  7.00000000e+01  0.00000000e+00 
 7.50000000e+01 -6.43526123e-02  7.50000000e+01 -1.28852634e-02  7.50000000e+01  0.00000000e+00 
 8.00000000e+01 -6.46360555e-02  8.00000000e+01 -1.29361884e-02  8.00000000e+01  0.00000000e+00 
 8.50000000e+01 -6.49090159e-02  8.50000000e+01 -1.29872700e-02  8.50000000e+01  0.00000000e+00 
 9.00000000e+01 -6.51745902e-02  9.00000000e+01 -1.30382469e-02  9.00000000e+01  0.00000000e+00 
 9.50000000e+01 -6.54348585e-02  9.50000000e+01 -1.30889986e-02  9.50000000e+01  0.00000000e+00 
 1.00000000e+02 -6.56912446e-02  1.00000000e+02 -1.31394830e-02  1.00000000e+02  0.00000000e+00 
 1.05000000e+02 -6.59447444e-02  1.05000000e+02 -1.31897002e-02  1.05000000e+02  0.00000000e+00 
 1.10000000e+02 -6.61960697e-02  1.10000000e+02 -1.32396714e-02  1.10000000e+02  0.00000000e+00 
 1.15000000e+02 -6.64457419e-02  1.15000000e+02 -1.32894269e-02  1.15000000e+02  0.00000000e+00 
 1.20000000e+02 -6.66941519e-02  1.20000000e+02 -1.33389999e-02  1.20000000e+02  0.00000000e+00 
 1.25000000e+02 -6.69416000e-02  1.25000000e+02 -1.33884232e-02  1.25000000e+02  0.00000000e+00 
 1.30000000e+02 -6.71883226e-02  1.30000000e+02 -1.34377273e-02  1.30000000e+02  0.00000000e+00 
 1.35000000e+02 -6.74345099e-02  1.35000000e+02 -1.34869402e-02  1.35000000e+02  0.00000000e+00 
 1.40000000e+02 -6.76803188e-02  1.40000000e+02 -1.35360870e-02  1.40000000e+02  0.00000000e+00 
 1.45000000e+02 -6.79258814e-02  1.45000000e+02 -1.35851904e-02  1.45000000e+02  0.00000000e+00 
 1.50000000e+02 -6.81713112e-02  1.50000000e+02 -1.36342709e-02  1.50000000e+02  0.00000000e+00 
 1.55000000e+02 -6.84167079e-02  1.55000000e+02 -1.36833468e-02  1.55000000e+02  0.00000000e+00 
 1.60000000e+02 -6.86621606e-02  1.60000000e+02 -1.37324353e-02  1.60000000e+02  0.00000000e+00 
 1.65000000e+02 -6.89077505e-02  1.65000000e+02 -1.37815520e-02  1.65000000e+02  0.00000000e+00 
 1.70000000e+02 -6.91535523e-02  1.70000000e+02 -1.38307116e-02  1.70000000e+02  0.00000000e+00 
 1.75000000e+02 -6.93996361e-02  1.75000000e+02 -1.38799279e-02  1.75000000e+02  0.00000000e+00 
 1.80000000e+02 -6.96460685e-02  1.80000000e+02 -1.39292141e-02  1.80000000e+02  0.00000000e+00 
 1.85000000e+02 -6.98929129e-02  1.85000000e+02 -1.39785828e-02  1.85000000e+02  0.00000000e+00 
 1.90000000e+02 -7.01402307e-02  1.90000000e+02 -1.40280463e-02  1.90000000e+02  0.00000000e+00 
 1.95000000e+02 -7.03880813e-02  1.95000000e+02 -1.40776164e-02  1.95000000e+02  0.00000000e+00 
 2.00000000e+02 -7.06365230e-02  2.00000000e+02 -1.41273047e-02  2.00000000e+02  0.00000000e+00 
 2.05000000e+02 -7.08856123e-02  2.05000000e+02 -1.41771225e-02  2.05000000e+02  0.00000000e+00 
 2.10000000e+02 -7.11354053e-02  2.10000000e+02 -1.42270811e-02  2.10000000e+02  0.00000000e+00 
 2.15000000e+02 -7.13859566e-02  2.15000000e+02 -1.42771913e-02  2.15000000e+02  0.00000000e+00 
 2.20000000e+02 -7.16373203e-02  2.20000000e+02 -1.43274641e-02  2.20000000e+02  0.00000000e+00 
 2.25000000e+02 -7.18895495e-02  2.25000000e+02 -1.43779099e-02  2.25000000e+02  0.00000000e+00 
 2.30000000e+02 -7.21426965e-02  2.30000000e+02 -1.44285393e-02  2.30000000e+02  0.00000000e+00 
 2.35000000e+02 -7.23968128e-02  2.35000000e+02 -1.44793626e-02  2.35000000e+02  0.00000000e+00 
 2.40000000e+02 -7.26519489e-02  2.40000000e+02 -1.45303898e-02  2.40000000e+02  0.00000000e+00 
 2.45000000e+02 -7.29081545e-02  2.45000000e+02 -1.45816309e-02  2.45000000e+02  0.00000000e+00 
 2.50000000e+02 -7.31654784e-02  2.50000000e+02 -1.46330957e-02  2.50000000e+02  0.00000000e+00 
 2.55000000e+02 -7.34239683e-02  2.55000000e+02 -1.46847937e-02  2.55000000e+02  0.00000000e+00 
 2.60000000e+02 -7.36836711e-02  2.60000000e+02 -1.47367342e-02  2.60000000e+02  0.00000000e+00 
 2.65000000e+02 -7.39446324e-02  2.65000000e+02 -1.47889265e-02  2.65000000e+02  0.00000000e+00 
 2.70000000e+02 -7.42068968e-02  2.70000000e+02 -1.48413794e-02  2.70000000e+02  0.00000000e+00 
 2.75000000e+02 -7.44705079e-02  2.75000000e+02 -1.48941016e-02  2.75000000e+02  0.00000000e+00 
 2.80000000e+02 -7.47355079e-02  2.80000000e+02 -1.49471016e-02  2.80000000e+02  0.00000000e+00 
 2.85000000e+02 -7.50019380e-02  2.85000000e+02 -1.50003876e-02  2.85000000e+02  0.00000000e+00 
 2.90000000e+02 -7.52698382e-02  2.90000000e+02 -1.50539676e-02  2.90000000e+02  0.00000000e+00 
 2.95000000e+02 -7.55392470e-02  2.95000000e+02 -1.51078494e-02  2.95000000e+02  0.00000000e+00 
 3.00000000e+02 -7.58102020e-02  3.00000000e+02 -1.51620404e-02  3.00000000e+02  0.00000000e+00 
 3.05000000e+02 -7.60827393e-02  3.05000000e+02 -1.52165479e-02  3.05000000e+02  0.00000000e+00 
 3.10000000e+02 -7.63568940e-02  3.10000000e+02 -1.52713788e-02  3.10000000e+02  0.00000000e+00 
 3.15000000e+02 -7.66326997e-02  3.15000000e+02 -1.53265399e-02  3.15000000e+02  0.00000000e+00 
 3.20000000e+02 -7.69101889e-02  3.20000000e+02 -1.53820378e-02  3.20000000e+02  0.00000000e+00 
 3.25000000e+02 -7.71893927e-02  3.25000000e+02 -1.54378785e-02  3.25000000e+02  0.00000000e+00 
 3.30000000e+02 -7.74703411e-02  3.30000000e+02 -1.54940682e-02  3.30000000e+02  0.00000000e+00 
 3.35000000e+02 -7.77530628e-02  3.35000000e+02 -1.55506126e-02  3.35000000e+02  0.00000000e+00 
 3.40000000e+02 -7.80375853e-02  3.40000000e+02 -1.56075171e-02  3.40000000e+02  0.00000000e+00 
 3.45000000e+02 -7.83239349e-02  3.45000000e+02 -1.56647870e-02  3.45000000e+02  0.00000000e+00 
 3.50000000e+02 -7.86121368e-02  3.50000000e+02 -1.57224274e-02  3.50000000e+02  0.00000000e+00 
 3.55000000e+02 -7.89022148e-02  3.55000000e+02 -1.57804430e-02  3.55000000e+02  0.00000000e+00 
 3.60000000e+02 -7.91941919e-02  3.60000000e+02 -1.58388384e-02  3.60000000e+02  0.00000000e+00 
 3.65000000e+02 -7.94880898e-02  3.65000000e+02 -1.58976180e-02  3.65000000e+02  0.00000000e+00 
 3.70000000e+02 -7.97839291e-02  3.70000000e+02 -1.59567858e-02  3.70000000e+02  0.00000000e+00 
 3.75000000e+02 -8.00817294e-02  3.75000000e+02 -1.60163459e-02  3.75000000e+02  0.00000000e+00 
 3.80000000e+02 -8.03815093e-02  3.80000000e+02 -1.60763019e-02  3.80000000e+02  0.00000000e+00 
 3.85000000e+02 -8.06832862e-02  3.85000000e+02 -1.61366572e-02  3.85000000e+02  0.00000000e+00 
 3.90000000e+02 -8.09870768e-02  3.90000000e+02 -1.61974154e-02  3.90000000e+02  0.00000000e+00 
 3.95000000e+02 -8.12928967e-02  3.95000000e+02 -1.62585793e-02  3.95000000e+02  0.00000000e+00 
 4.00000000e+02 -8.16007607e-02  4.00000000e+02 -1.63201521e-02  4.00000000e+02  0.00000000e+00 
 4.05000000e+02 -8.19106824e-02  4.05000000e+02 -1.63821365e-02  4.05000000e+02  0.00000000e+00 
 4.10000000e+02 -8.22226749e-02  4.10000000e+02 -1.64445350e-02  4.10000000e+02  0.00000000e+00 
 4.15000000e+02 -8.25367503e-02  4.15000000e+02 -1.65073501e-02  4.15000000e+02  0.00000000e+00 
 4.20000000e+02 -8.28529200e-02  4.20000000e+02 -1.65705840e-02  4.20000000e+02  0.00000000e+00 
 4.25000000e+02 -8.31711945e-02  4.25000000e+02 -1.66342389e-02  4.25000000e+02  0.00000000e+00 
 4.30000000e+02 -8.34915836e-02  4.30000000e+02 -1.66983167e-02  4.30000000e+02  0.00000000e+00 
 4.35000000e+02 -8.38140964e-02  4.35000000e+02 -1.67628193e-02  4.35000000e+02  0.00000000e+00 
 4.40000000e+02 -8.41387413e-02  4.40000000e+02 -1.68277483e-02  4.40000000e+02  0.00000000e+00 
 4.45000000e+02 -8.44655261e-02  4.45000000e+02 -1.68931052e-02  4.45000000e+02  0.00000000e+00 
 4.50000000e+02 -8.47944578e-02  4.50000000e+02 -1.69588916e-02  4.50000000e+02  0.00000000e+00 
 4.55000000e+02 -8.51255429e-02  4.55000000e+02 -1.70251086e-02  4.55000000e+02  0.00000000e+00 
 4.60000000e+02 -8.54587874e-02  4.60000000e+02 -1.70917575e-02  4.60000000e+02  0.00000000e+00 
 4.65000000e+02 -8.57941966e-02  4.65000000e+02 -1.71588393e-02  4.65000000e+02  0.00000000e+00 
 4.70000000e+02 -8.61317753e-02  4.70000000e+02 -1.72263551e-02  4.70000000e+02  0.00000000e+00 
 4.75000000e+02 -8.64715278e-02  4.75000000e+02 -1.72943056e-02  4.75000000e+02  0.00000000e+00 
 4.80000000e+02 -8.68134579e-02  4.80000000e+02 -1.73626916e-02  4.80000000e+02  0.00000000e+00 
 4.85000000e+02 -8.71575689e-02  4.85000000e+02 -1.74315138e-02  4.85000000e+02  0.00000000e+00 
 4.90000000e+02 -8.75038637e-02  4.90000000e+02 -1.75007727e-02  4.90000000e+02  0.00000000e+00 
 4.95000000e+02 -8.78523448e-02  4.95000000e+02 -1.75704690e-02  4.95000000e+02  0.00000000e+00 
 5.00000000e+02 -8.82030141e-02  5.00000000e+02 -1.76406028e-02  5.00000000e+02  0.00000000e+00 
